Can't find feasible solution

Number of initial container : 3
Number of new container : 20
Total number of containers : 23
Level_num : 9
Container_level : [6, 1, 1, 6, 1, 6, 6, 1, 6, 3, 1, 8, 3, 1, 1, 1, 9, 8, 8, 1, 8, 8, 6]
ideal_configuration : 
 [[3. 6. 8. 0. 0. 0.]
 [1. 6. 6. 8. 0. 0.]
 [1. 1. 6. 8. 9. 0.]
 [1. 1. 1. 6. 8. 0.]
 [1. 1. 1. 3. 6. 8.]]
Centroid : {6: (2.1666666666666665, 2.1666666666666665), 1: (0.7777777777777778, 1.1111111111111112), 3: (1.5, 2.0), 8: (3.4, 2.0), 9: (4.0, 2.0)}
Repeat number : 2
Original weight : [20.25, 7.73, 16.78, 19.06, 7.47, 11.03, 5.12, 15.61, 15.3, 5.06, 22.77, 16.29, 21.43, 22.64, 19.7, 9.44, 23.51, 15.35, 10.54, 13.82, 18.94, 9.9, 18.91]
Group : [2, 0, 0, 2, 0, 2, 2, 0, 2, 1, 0, 3, 1, 0, 0, 0, 3, 3, 3, 0, 3, 3, 2]
Sequence : [0, 0, 0, 1, 2, 3, 4, 5, 6, 7, 8, 9, 10, 11, 12, 13, 14, 15, 16, 17, 18, 19, 20]
Scroe : [220.25, 7.73, 16.78, 219.06, 7.47, 211.03, 205.12, 15.61, 215.3, 105.06, 22.77, 316.29, 121.43, 22.64, 19.7, 9.44, 323.51, 315.35, 310.54, 13.82, 318.94, 309.9, 218.91]
Time taken to solve the MIP model : 0.0156 seconds
---------------------------------
