Can't find feasible solution

Number of initial container : 3
Number of new container : 20
Total number of containers : 23
Level_num : 9
Container_level : [8, 3, 8, 6, 8, 1, 3, 3, 8, 3, 8, 3, 6, 1, 3, 1, 8, 9, 1, 3, 8, 1, 6]
ideal_configuration : 
 [[3. 8. 8. 0. 0. 0.]
 [3. 3. 8. 8. 0. 0.]
 [1. 3. 6. 8. 9. 0.]
 [1. 1. 3. 6. 8. 0.]
 [1. 1. 3. 3. 6. 8.]]
Centroid : {8: (2.857142857142857, 2.4285714285714284), 3: (1.2857142857142858, 1.8571428571428572), 6: (3.0, 1.0), 1: (0.4, 0.8), 9: (4.0, 2.0)}
Repeat number : 10
Original weight : [11.01, 9.93, 9.16, 18.61, 17.88, 15.04, 14.06, 22.14, 5.22, 9.67, 9.91, 18.45, 22.21, 22.97, 9.71, 12.55, 16.92, 20.77, 11.02, 17.57, 18.0, 21.23, 22.05]
Group : [3, 1, 3, 2, 3, 0, 1, 1, 3, 1, 3, 1, 2, 0, 1, 0, 3, 3, 0, 1, 3, 0, 2]
Sequence : [0, 0, 0, 1, 2, 3, 4, 5, 6, 7, 8, 9, 10, 11, 12, 13, 14, 15, 16, 17, 18, 19, 20]
Scroe : [311.01, 109.93, 309.16, 218.61, 317.88, 15.04, 114.06, 122.14, 305.22, 109.67, 309.91, 118.45, 222.21, 22.97, 109.71000000000001, 12.55, 316.92, 320.77, 11.02, 117.57, 318.0, 21.23, 222.05]
Time taken to solve the MIP model : 0.0156 seconds
---------------------------------
