Can't find feasible solution

Number of initial container : 7
Number of new container : 16
Total number of containers : 23
Level_num : 9
Container_level : [9, 3, 3, 1, 1, 6, 3, 8, 6, 3, 6, 6, 8, 8, 3, 3, 3, 1, 8, 1, 8, 3, 3]
ideal_configuration : 
 [[3. 6. 8. 0. 0. 0.]
 [3. 3. 6. 8. 0. 0.]
 [1. 3. 3. 8. 9. 0.]
 [1. 3. 3. 6. 8. 0.]
 [1. 1. 3. 3. 6. 8.]]
Centroid : {9: (4.0, 2.0), 3: (1.3333333333333333, 1.7777777777777777), 1: (0.25, 0.75), 6: (2.5, 2.0), 8: (3.4, 2.0)}
Repeat number : 16
Original weight : [22.11, 6.53, 14.52, 7.9, 9.83, 18.47, 12.45, 18.09, 21.67, 22.87, 16.72, 17.64, 13.33, 14.3, 19.86, 10.49, 14.67, 18.33, 6.95, 16.13, 16.11, 9.43, 21.5]
Group : [3, 1, 1, 0, 0, 2, 1, 3, 2, 1, 2, 2, 3, 3, 1, 1, 1, 0, 3, 0, 3, 1, 1]
Sequence : [0, 0, 0, 0, 0, 0, 0, 1, 2, 3, 4, 5, 6, 7, 8, 9, 10, 11, 12, 13, 14, 15, 16]
Scroe : [322.11, 106.53, 114.52, 7.9, 9.83, 218.47, 112.45, 318.09, 221.67000000000002, 122.87, 216.72, 217.64, 313.33, 314.3, 119.86, 110.49, 114.67, 18.33, 306.95, 16.13, 316.11, 109.43, 121.5]
Time taken to solve the MIP model : 0.0053 seconds
---------------------------------
