Can't find feasible solution

Number of initial container : 7
Number of new container : 16
Total number of containers : 23
Level_num : 9
Container_level : [6, 9, 3, 8, 6, 3, 3, 8, 8, 3, 6, 6, 3, 6, 3, 1, 6, 6, 6, 6, 8, 1, 6]
ideal_configuration : 
 [[6. 6. 8. 0. 0. 0.]
 [3. 6. 6. 8. 0. 0.]
 [3. 3. 6. 6. 9. 0.]
 [1. 3. 6. 6. 8. 0.]
 [1. 3. 3. 6. 6. 8.]]
Centroid : {6: (2.1, 2.0), 9: (4.0, 2.0), 3: (0.8333333333333334, 1.3333333333333333), 8: (3.5, 2.0), 1: (0.0, 0.5)}
Repeat number : 15
Original weight : [15.99, 14.73, 13.21, 7.39, 8.74, 18.69, 12.09, 10.32, 12.37, 15.63, 16.39, 11.83, 10.57, 14.31, 19.08, 17.96, 18.8, 10.06, 18.61, 15.6, 6.51, 19.34, 14.98]
Group : [2, 3, 1, 3, 2, 1, 1, 3, 3, 1, 2, 2, 1, 2, 1, 0, 2, 2, 2, 2, 3, 0, 2]
Sequence : [0, 0, 0, 0, 0, 0, 0, 1, 2, 3, 4, 5, 6, 7, 8, 9, 10, 11, 12, 13, 14, 15, 16]
Scroe : [215.99, 314.73, 113.21000000000001, 307.39, 208.74, 118.69, 112.09, 310.32, 312.37, 115.63, 216.39, 211.83, 110.57, 214.31, 119.08, 17.96, 218.8, 210.06, 218.61, 215.6, 306.51, 19.34, 214.98]
Time taken to solve the MIP model : 0.0066 seconds
---------------------------------
