Can't find feasible solution

Number of initial container : 7
Number of new container : 16
Total number of containers : 23
Level_num : 9
Container_level : [9, 8, 6, 3, 8, 1, 8, 3, 1, 8, 8, 8, 3, 8, 8, 3, 6, 6, 8, 3, 3, 3, 8]
ideal_configuration : 
 [[6. 8. 8. 0. 0. 0.]
 [3. 6. 8. 8. 0. 0.]
 [3. 3. 8. 8. 9. 0.]
 [1. 3. 3. 8. 8. 0.]
 [1. 3. 3. 6. 8. 8.]]
Centroid : {9: (4.0, 2.0), 8: (2.9, 2.0), 6: (1.3333333333333333, 2.3333333333333335), 3: (1.0, 1.2857142857142858), 1: (0.0, 0.5)}
Repeat number : 12
Original weight : [21.72, 11.43, 17.22, 5.25, 13.41, 7.83, 21.02, 8.18, 6.99, 13.68, 15.58, 17.64, 18.66, 16.0, 14.63, 7.11, 15.58, 8.55, 21.0, 7.67, 16.08, 11.96, 15.28]
Group : [3, 3, 2, 1, 3, 0, 3, 1, 0, 3, 3, 3, 1, 3, 3, 1, 2, 2, 3, 1, 1, 1, 3]
Sequence : [0, 0, 0, 0, 0, 0, 0, 1, 2, 3, 4, 5, 6, 7, 8, 9, 10, 11, 12, 13, 14, 15, 16]
Scroe : [321.72, 311.43, 217.22, 105.25, 313.41, 7.83, 321.02, 108.18, 6.99, 313.68, 315.58, 317.64, 118.66, 316.0, 314.63, 107.11, 215.58, 208.55, 321.0, 107.67, 116.08, 111.96000000000001, 315.28]
Time taken to solve the MIP model : 0.0102 seconds
---------------------------------
