Can't find feasible solution

Number of initial container : 7
Number of new container : 16
Total number of containers : 23
Level_num : 9
Container_level : [8, 9, 6, 3, 1, 8, 1, 6, 3, 1, 6, 3, 8, 3, 1, 3, 3, 8, 8, 8, 1, 1, 8]
ideal_configuration : 
 [[3. 8. 8. 0. 0. 0.]
 [3. 3. 8. 8. 0. 0.]
 [1. 3. 6. 8. 9. 0.]
 [1. 1. 3. 6. 8. 0.]
 [1. 1. 1. 3. 6. 8.]]
Centroid : {8: (2.857142857142857, 2.4285714285714284), 9: (4.0, 2.0), 6: (3.0, 1.0), 3: (1.1666666666666667, 2.1666666666666665), 1: (0.6666666666666666, 0.6666666666666666)}
Repeat number : 29
Original weight : [7.44, 23.78, 7.83, 20.91, 11.79, 6.97, 21.76, 18.74, 13.81, 5.85, 6.46, 23.22, 19.46, 22.09, 5.9, 18.68, 16.23, 22.14, 9.66, 12.15, 16.8, 18.4, 10.25]
Group : [3, 3, 2, 1, 0, 3, 0, 2, 1, 0, 2, 1, 3, 1, 0, 1, 1, 3, 3, 3, 0, 0, 3]
Sequence : [0, 0, 0, 0, 0, 0, 0, 1, 2, 3, 4, 5, 6, 7, 8, 9, 10, 11, 12, 13, 14, 15, 16]
Scroe : [307.44, 323.78, 207.83, 120.91, 11.79, 306.97, 21.76, 218.74, 113.81, 5.85, 206.46, 123.22, 319.46, 122.09, 5.9, 118.68, 116.23, 322.14, 309.66, 312.15, 16.8, 18.4, 310.25]
Time taken to solve the MIP model : 0.0059 seconds
---------------------------------
