Can't find feasible solution

Number of initial container : 7
Number of new container : 16
Total number of containers : 23
Level_num : 9
Container_level : [8, 3, 6, 6, 1, 3, 3, 1, 6, 3, 3, 8, 6, 1, 8, 6, 3, 3, 8, 1, 9, 8, 8]
ideal_configuration : 
 [[3. 6. 8. 0. 0. 0.]
 [3. 6. 8. 8. 0. 0.]
 [1. 3. 6. 8. 9. 0.]
 [1. 3. 3. 6. 8. 0.]
 [1. 1. 3. 3. 6. 8.]]
Centroid : {8: (3.1666666666666665, 2.1666666666666665), 3: (1.2857142857142858, 1.5714285714285714), 6: (2.2, 2.0), 1: (0.25, 0.75), 9: (4.0, 2.0)}
Repeat number : 22
Original weight : [15.75, 18.51, 12.28, 23.01, 11.84, 9.49, 22.17, 14.31, 20.57, 14.14, 15.63, 17.94, 19.09, 17.61, 6.03, 19.65, 18.0, 13.91, 6.46, 16.4, 22.16, 13.2, 8.06]
Group : [3, 1, 2, 2, 0, 1, 1, 0, 2, 1, 1, 3, 2, 0, 3, 2, 1, 1, 3, 0, 3, 3, 3]
Sequence : [0, 0, 0, 0, 0, 0, 0, 1, 2, 3, 4, 5, 6, 7, 8, 9, 10, 11, 12, 13, 14, 15, 16]
Scroe : [315.75, 118.51, 212.28, 223.01, 11.84, 109.49, 122.17, 14.31, 220.57, 114.14, 115.63, 317.94, 219.09, 17.61, 306.03, 219.65, 118.0, 113.91, 306.46, 16.4, 322.16, 313.2, 308.06]
Time taken to solve the MIP model : 0.0075 seconds
---------------------------------
