Can't find feasible solution

Number of initial container : 5
Number of new container : 10
Total number of containers : 15
Level_num : 9
Container_level : [3, 7, 7, 1, 2, 2, 2, 7, 7, 6, 1, 9, 5, 1, 7]
ideal_configuration : 
 [[0. 0. 0. 0. 0. 0. 0. 0. 0. 0.]
 [7. 0. 0. 0. 0. 0. 0. 0. 0. 0.]
 [3. 7. 0. 0. 0. 0. 0. 0. 0. 0.]
 [2. 5. 7. 0. 0. 0. 0. 0. 0. 0.]
 [1. 2. 6. 7. 0. 0. 0. 0. 0. 0.]
 [1. 1. 2. 7. 9. 0. 0. 0. 0. 0.]]
Centroid : {3: (1.0, 3.0), 7: (2.8, 2.0), 1: (1.3333333333333333, 0.3333333333333333), 2: (2.0, 1.0), 6: (3.0, 1.0), 9: (5.0, 0.0), 5: (2.0, 2.0)}
Repeat number : 2
Original weight : [11.35, 18.68, 19.85, 7.08, 9.16, 8.82, 9.64, 18.86, 18.5, 17.49, 6.79, 21.86, 15.68, 7.19, 18.9]
Group : [0, 0, 0, 0, 0, 0, 0, 0, 0, 0, 0, 0, 0, 0, 0]
Sequence : [0, 0, 0, 0, 0, 1, 2, 3, 4, 5, 6, 7, 8, 9, 10]
Scroe : [11.35, 18.68, 19.85, 7.08, 9.16, 8.82, 9.64, 18.86, 18.5, 17.49, 6.79, 21.86, 15.68, 7.19, 18.9]
Time taken to solve the MIP model : 0.0069 seconds
---------------------------------
