Can't find feasible solution

Number of initial container : 0
Number of new container : 25
Total number of containers : 25
Level_num : 9
Container_level : [1, 4, 7, 1, 8, 7, 9, 5, 8, 6, 1, 6, 6, 3, 2, 6, 7, 6, 1, 5, 5, 8, 1, 5, 3]
ideal_configuration : 
 [[5. 6. 7. 9. 0. 0.]
 [3. 5. 6. 8. 0. 0.]
 [1. 3. 5. 6. 8. 0.]
 [1. 1. 4. 6. 7. 8.]
 [1. 1. 2. 5. 6. 7.]]
Centroid : {1: (0.4, 0.8), 4: (2.0, 1.0), 7: (3.6666666666666665, 1.6666666666666667), 8: (4.0, 2.0), 9: (3.0, 4.0), 5: (1.5, 2.25), 6: (2.6, 2.0), 3: (0.5, 2.5), 2: (2.0, 0.0)}
Repeat number : 29
Original weight : [5.68, 13.56, 19.84, 6.97, 20.3, 20.02, 22.24, 13.83, 20.49, 17.61, 7.38, 16.16, 17.67, 10.55, 7.97, 16.76, 19.34, 16.92, 5.38, 14.9, 14.34, 21.09, 5.76, 14.22, 11.27]
Group : [0, 0, 0, 0, 0, 0, 0, 0, 0, 0, 0, 0, 0, 0, 0, 0, 0, 0, 0, 0, 0, 0, 0, 0, 0]
Sequence : [1, 2, 3, 4, 5, 6, 7, 8, 9, 10, 11, 12, 13, 14, 15, 16, 17, 18, 19, 20, 21, 22, 23, 24, 25]
Scroe : [5.68, 13.56, 19.84, 6.97, 20.3, 20.02, 22.24, 13.83, 20.49, 17.61, 7.38, 16.16, 17.67, 10.55, 7.97, 16.76, 19.34, 16.92, 5.38, 14.9, 14.34, 21.09, 5.76, 14.22, 11.27]
Time taken to solve the MIP model : 155284.4389 seconds
---------------------------------
