Can't find feasible solution

Number of initial container : 10
Number of new container : 10
Total number of containers : 20
Level_num : 9
Container_level : [5, 1, 3, 1, 3, 7, 2, 1, 1, 3, 5, 5, 9, 4, 3, 3, 4, 7, 8, 4]
ideal_configuration : 
 [[5. 0. 0. 0. 0. 0. 0. 0. 0. 0.]
 [4. 7. 0. 0. 0. 0. 0. 0. 0. 0.]
 [3. 4. 7. 0. 0. 0. 0. 0. 0. 0.]
 [1. 3. 4. 8. 0. 0. 0. 0. 0. 0.]
 [1. 2. 3. 5. 9. 0. 0. 0. 0. 0.]
 [1. 1. 3. 3. 5. 0. 0. 0. 0. 0.]]
Centroid : {5: (3.3333333333333335, 2.0), 1: (1.25, 0.75), 3: (2.6, 1.2), 7: (2.5, 3.5), 2: (2.0, 1.0), 9: (5.0, 1.0), 4: (2.0, 3.0), 8: (4.0, 2.0)}
Repeat number : 21
Original weight : [15.67, 6.7, 10.35, 5.12, 10.89, 19.37, 9.14, 5.27, 5.4, 9.55, 14.83, 14.61, 22.81, 13.54, 11.28, 11.35, 12.81, 19.22, 21.47, 13.87]
Group : [0, 0, 0, 0, 0, 0, 0, 0, 0, 0, 0, 0, 0, 0, 0, 0, 0, 0, 0, 0]
Sequence : [0, 0, 0, 0, 0, 0, 0, 0, 0, 0, 1, 2, 3, 4, 5, 6, 7, 8, 9, 10]
Scroe : [15.67, 6.7, 10.35, 5.12, 10.89, 19.37, 9.14, 5.27, 5.4, 9.55, 14.83, 14.61, 22.81, 13.54, 11.28, 11.35, 12.81, 19.22, 21.47, 13.87]
Time taken to solve the MIP model : 0.0123 seconds
---------------------------------
