Can't find feasible solution

Number of initial container : 10
Number of new container : 10
Total number of containers : 20
Level_num : 9
Container_level : [4, 7, 1, 2, 1, 9, 2, 5, 1, 2, 8, 8, 4, 1, 1, 2, 2, 6, 4, 7]
ideal_configuration : 
 [[7. 0. 0. 0. 0. 0. 0. 0. 0. 0.]
 [4. 7. 0. 0. 0. 0. 0. 0. 0. 0.]
 [2. 4. 8. 0. 0. 0. 0. 0. 0. 0.]
 [1. 2. 4. 8. 0. 0. 0. 0. 0. 0.]
 [1. 1. 2. 5. 9. 0. 0. 0. 0. 0.]
 [1. 1. 2. 2. 6. 0. 0. 0. 0. 0.]]
Centroid : {4: (2.0, 3.0), 7: (1.5, 4.5), 1: (1.4, 0.8), 2: (2.6, 1.2), 9: (5.0, 1.0), 5: (4.0, 1.0), 8: (3.5, 2.5), 6: (5.0, 0.0)}
Repeat number : 22
Original weight : [12.13, 19.31, 7.21, 8.87, 6.79, 23.41, 8.42, 15.56, 5.38, 8.34, 21.79, 22.73, 12.34, 5.34, 5.58, 8.96, 9.05, 17.24, 12.49, 20.91]
Group : [0, 0, 0, 0, 0, 0, 0, 0, 0, 0, 0, 0, 0, 0, 0, 0, 0, 0, 0, 0]
Sequence : [0, 0, 0, 0, 0, 0, 0, 0, 0, 0, 1, 2, 3, 4, 5, 6, 7, 8, 9, 10]
Scroe : [12.13, 19.31, 7.21, 8.87, 6.79, 23.41, 8.42, 15.56, 5.38, 8.34, 21.79, 22.73, 12.34, 5.34, 5.58, 8.96, 9.05, 17.24, 12.49, 20.91]
Time taken to solve the MIP model : 0.0070 seconds
---------------------------------
