Can't find feasible solution

Number of initial container : 10
Number of new container : 10
Total number of containers : 20
Level_num : 9
Container_level : [4, 4, 5, 2, 8, 9, 3, 8, 1, 1, 5, 4, 6, 5, 4, 5, 1, 8, 8, 3]
ideal_configuration : 
 [[8. 0. 0. 0. 0. 0. 0. 0. 0. 0.]
 [5. 8. 0. 0. 0. 0. 0. 0. 0. 0.]
 [4. 5. 8. 0. 0. 0. 0. 0. 0. 0.]
 [2. 4. 5. 8. 0. 0. 0. 0. 0. 0.]
 [1. 3. 4. 5. 9. 0. 0. 0. 0. 0.]
 [1. 1. 3. 4. 6. 0. 0. 0. 0. 0.]]
Centroid : {4: (2.5, 1.5), 5: (2.5, 2.5), 2: (1.0, 2.0), 8: (2.5, 3.5), 9: (5.0, 1.0), 3: (2.5, 0.5), 1: (1.3333333333333333, 0.3333333333333333), 6: (5.0, 0.0)}
Repeat number : 11
Original weight : [13.77, 14.47, 16.48, 9.12, 22.07, 23.98, 12.19, 23.22, 6.36, 8.0, 15.9, 13.88, 19.3, 15.57, 14.46, 15.91, 7.6, 22.64, 23.35, 11.0]
Group : [0, 0, 0, 0, 0, 0, 0, 0, 0, 0, 0, 0, 0, 0, 0, 0, 0, 0, 0, 0]
Sequence : [0, 0, 0, 0, 0, 0, 0, 0, 0, 0, 1, 2, 3, 4, 5, 6, 7, 8, 9, 10]
Scroe : [13.77, 14.47, 16.48, 9.12, 22.07, 23.98, 12.19, 23.22, 6.36, 8.0, 15.9, 13.88, 19.3, 15.57, 14.46, 15.91, 7.6, 22.64, 23.35, 11.0]
Time taken to solve the MIP model : 0.0081 seconds
---------------------------------
