Can't find feasible solution

Number of initial container : 10
Number of new container : 10
Total number of containers : 20
Level_num : 9
Container_level : [6, 8, 6, 5, 3, 5, 5, 5, 1, 7, 9, 4, 4, 8, 3, 3, 6, 8, 8, 1]
ideal_configuration : 
 [[8. 0. 0. 0. 0. 0. 0. 0. 0. 0.]
 [5. 8. 0. 0. 0. 0. 0. 0. 0. 0.]
 [4. 6. 8. 0. 0. 0. 0. 0. 0. 0.]
 [3. 5. 6. 8. 0. 0. 0. 0. 0. 0.]
 [1. 3. 5. 6. 9. 0. 0. 0. 0. 0.]
 [1. 3. 4. 5. 7. 0. 0. 0. 0. 0.]]
Centroid : {6: (3.0, 2.0), 8: (2.5, 3.5), 5: (2.5, 1.75), 3: (1.6666666666666667, 1.0), 1: (1.0, 0.5), 7: (5.0, 0.0), 9: (5.0, 1.0), 4: (2.0, 1.5)}
Repeat number : 18
Original weight : [17.19, 22.51, 17.25, 15.35, 10.39, 15.62, 16.45, 15.83, 7.4, 21.1, 23.41, 14.17, 13.73, 21.81, 10.92, 10.51, 18.72, 22.5, 21.18, 5.41]
Group : [0, 0, 0, 0, 0, 0, 0, 0, 0, 0, 0, 0, 0, 0, 0, 0, 0, 0, 0, 0]
Sequence : [0, 0, 0, 0, 0, 0, 0, 0, 0, 0, 1, 2, 3, 4, 5, 6, 7, 8, 9, 10]
Scroe : [17.19, 22.51, 17.25, 15.35, 10.39, 15.62, 16.45, 15.83, 7.4, 21.1, 23.41, 14.17, 13.73, 21.81, 10.92, 10.51, 18.72, 22.5, 21.18, 5.41]
Time taken to solve the MIP model : 0.0070 seconds
---------------------------------
