Can't find feasible solution

Number of initial container : 10
Number of new container : 10
Total number of containers : 20
Level_num : 9
Container_level : [3, 7, 5, 7, 1, 3, 7, 3, 1, 6, 4, 4, 9, 8, 1, 2, 1, 1, 2, 3]
ideal_configuration : 
 [[7. 0. 0. 0. 0. 0. 0. 0. 0. 0.]
 [3. 7. 0. 0. 0. 0. 0. 0. 0. 0.]
 [2. 4. 7. 0. 0. 0. 0. 0. 0. 0.]
 [1. 3. 4. 8. 0. 0. 0. 0. 0. 0.]
 [1. 1. 3. 5. 9. 0. 0. 0. 0. 0.]
 [1. 1. 2. 3. 6. 0. 0. 0. 0. 0.]]
Centroid : {3: (2.5, 1.75), 7: (2.0, 4.0), 5: (4.0, 1.0), 1: (1.4, 0.8), 6: (5.0, 0.0), 4: (2.5, 2.5), 9: (5.0, 1.0), 8: (4.0, 2.0), 2: (2.0, 1.5)}
Repeat number : 8
Original weight : [10.53, 20.45, 15.12, 20.37, 7.65, 12.53, 21.43, 12.55, 6.52, 18.24, 13.13, 14.74, 23.95, 22.86, 7.4, 9.72, 5.92, 5.83, 8.54, 10.36]
Group : [0, 0, 0, 0, 0, 0, 0, 0, 0, 0, 0, 0, 0, 0, 0, 0, 0, 0, 0, 0]
Sequence : [0, 0, 0, 0, 0, 0, 0, 0, 0, 0, 1, 2, 3, 4, 5, 6, 7, 8, 9, 10]
Scroe : [10.53, 20.45, 15.12, 20.37, 7.65, 12.53, 21.43, 12.55, 6.52, 18.24, 13.13, 14.74, 23.95, 22.86, 7.4, 9.72, 5.92, 5.83, 8.54, 10.36]
Time taken to solve the MIP model : 0.0120 seconds
---------------------------------
