Can't find feasible solution

Number of initial container : 10
Number of new container : 10
Total number of containers : 20
Level_num : 9
Container_level : [9, 6, 4, 8, 4, 1, 6, 5, 6, 8, 6, 3, 1, 6, 4, 6, 6, 2, 1, 5]
ideal_configuration : 
 [[6. 0. 0. 0. 0. 0. 0. 0. 0. 0.]
 [6. 6. 0. 0. 0. 0. 0. 0. 0. 0.]
 [4. 6. 8. 0. 0. 0. 0. 0. 0. 0.]
 [2. 4. 6. 8. 0. 0. 0. 0. 0. 0.]
 [1. 3. 5. 6. 9. 0. 0. 0. 0. 0.]
 [1. 1. 4. 5. 6. 0. 0. 0. 0. 0.]]
Centroid : {9: (5.0, 1.0), 6: (2.5714285714285716, 2.7142857142857144), 4: (2.0, 1.6666666666666667), 8: (3.5, 2.5), 1: (1.3333333333333333, 0.3333333333333333), 5: (3.5, 0.5), 3: (2.0, 1.0), 2: (1.0, 2.0)}
Repeat number : 1
Original weight : [22.42, 16.67, 13.61, 22.13, 13.31, 6.42, 17.78, 15.28, 17.3, 22.11, 17.18, 10.1, 5.65, 17.24, 13.65, 17.11, 17.46, 9.32, 7.39, 15.51]
Group : [0, 0, 0, 0, 0, 0, 0, 0, 0, 0, 0, 0, 0, 0, 0, 0, 0, 0, 0, 0]
Sequence : [0, 0, 0, 0, 0, 0, 0, 0, 0, 0, 1, 2, 3, 4, 5, 6, 7, 8, 9, 10]
Scroe : [22.42, 16.67, 13.61, 22.13, 13.31, 6.42, 17.78, 15.28, 17.3, 22.11, 17.18, 10.1, 5.65, 17.24, 13.65, 17.11, 17.46, 9.32, 7.39, 15.51]
Time taken to solve the MIP model : 0.0090 seconds
---------------------------------
