Can't find feasible solution

Number of initial container : 10
Number of new container : 10
Total number of containers : 20
Level_num : 9
Container_level : [8, 5, 2, 2, 5, 2, 6, 6, 4, 1, 8, 3, 5, 4, 8, 5, 9, 8, 6, 2]
ideal_configuration : 
 [[8. 0. 0. 0. 0. 0. 0. 0. 0. 0.]
 [5. 8. 0. 0. 0. 0. 0. 0. 0. 0.]
 [4. 5. 8. 0. 0. 0. 0. 0. 0. 0.]
 [2. 4. 6. 8. 0. 0. 0. 0. 0. 0.]
 [2. 2. 5. 6. 9. 0. 0. 0. 0. 0.]
 [1. 2. 3. 5. 6. 0. 0. 0. 0. 0.]]
Centroid : {8: (2.5, 3.5), 5: (2.5, 2.0), 2: (1.5, 1.0), 6: (4.0, 1.0), 4: (1.5, 2.5), 1: (1.0, 0.0), 3: (3.0, 0.0), 9: (5.0, 1.0)}
Repeat number : 23
Original weight : [22.17, 15.5, 8.3, 8.71, 14.81, 8.27, 18.97, 18.65, 13.14, 5.65, 22.66, 12.14, 15.01, 14.49, 22.93, 15.25, 23.45, 22.85, 17.65, 9.73]
Group : [0, 0, 0, 0, 0, 0, 0, 0, 0, 0, 0, 0, 0, 0, 0, 0, 0, 0, 0, 0]
Sequence : [0, 0, 0, 0, 0, 0, 0, 0, 0, 0, 1, 2, 3, 4, 5, 6, 7, 8, 9, 10]
Scroe : [22.17, 15.5, 8.3, 8.71, 14.81, 8.27, 18.97, 18.65, 13.14, 5.65, 22.66, 12.14, 15.01, 14.49, 22.93, 15.25, 23.45, 22.85, 17.65, 9.73]
Time taken to solve the MIP model : 0.0090 seconds
---------------------------------
