Can't find feasible solution

Number of initial container : 10
Number of new container : 10
Total number of containers : 20
Level_num : 9
Container_level : [7, 6, 9, 2, 8, 4, 2, 4, 1, 8, 8, 6, 5, 4, 3, 2, 5, 2, 3, 4]
ideal_configuration : 
 [[7. 0. 0. 0. 0. 0. 0. 0. 0. 0.]
 [4. 8. 0. 0. 0. 0. 0. 0. 0. 0.]
 [3. 5. 8. 0. 0. 0. 0. 0. 0. 0.]
 [2. 4. 5. 8. 0. 0. 0. 0. 0. 0.]
 [2. 2. 4. 6. 9. 0. 0. 0. 0. 0.]
 [1. 2. 3. 4. 6. 0. 0. 0. 0. 0.]]
Centroid : {7: (1.0, 5.0), 6: (4.5, 0.5), 9: (5.0, 1.0), 2: (1.5, 1.0), 8: (3.0, 3.0), 4: (2.5, 1.75), 1: (1.0, 0.0), 5: (2.5, 2.5), 3: (2.0, 1.5)}
Repeat number : 29
Original weight : [19.12, 17.41, 23.18, 8.63, 22.41, 12.0, 9.2, 12.67, 5.09, 21.38, 21.35, 18.53, 15.75, 12.1, 10.74, 8.98, 15.24, 8.53, 9.77, 12.9]
Group : [0, 0, 0, 0, 0, 0, 0, 0, 0, 0, 0, 0, 0, 0, 0, 0, 0, 0, 0, 0]
Sequence : [0, 0, 0, 0, 0, 0, 0, 0, 0, 0, 1, 2, 3, 4, 5, 6, 7, 8, 9, 10]
Scroe : [19.12, 17.41, 23.18, 8.63, 22.41, 12.0, 9.2, 12.67, 5.09, 21.38, 21.35, 18.53, 15.75, 12.1, 10.74, 8.98, 15.24, 8.53, 9.77, 12.9]
Time taken to solve the MIP model : 0.0243 seconds
---------------------------------
