Can't find feasible solution

Number of initial container : 10
Number of new container : 10
Total number of containers : 20
Level_num : 9
Container_level : [8, 8, 2, 7, 7, 7, 1, 6, 5, 8, 2, 8, 5, 4, 3, 5, 6, 5, 5, 6]
ideal_configuration : 
 [[7. 0. 0. 0. 0. 0. 0. 0. 0. 0.]
 [6. 8. 0. 0. 0. 0. 0. 0. 0. 0.]
 [5. 6. 8. 0. 0. 0. 0. 0. 0. 0.]
 [3. 5. 6. 8. 0. 0. 0. 0. 0. 0.]
 [2. 4. 5. 7. 8. 0. 0. 0. 0. 0.]
 [1. 2. 5. 5. 7. 0. 0. 0. 0. 0.]]
Centroid : {8: (3.5, 2.5), 2: (1.5, 0.5), 7: (3.3333333333333335, 2.0), 1: (1.0, 0.0), 6: (2.0, 3.0), 5: (2.6, 1.2), 4: (2.0, 1.0), 3: (1.0, 2.0)}
Repeat number : 16
Original weight : [19.85, 21.8, 7.75, 19.6, 19.5, 19.66, 5.35, 16.7, 14.29, 19.96, 8.33, 21.24, 13.9, 11.84, 10.42, 15.16, 16.38, 14.5, 14.71, 16.67]
Group : [0, 0, 0, 0, 0, 0, 0, 0, 0, 0, 0, 0, 0, 0, 0, 0, 0, 0, 0, 0]
Sequence : [0, 0, 0, 0, 0, 0, 0, 0, 0, 0, 1, 2, 3, 4, 5, 6, 7, 8, 9, 10]
Scroe : [19.85, 21.8, 7.75, 19.6, 19.5, 19.66, 5.35, 16.7, 14.29, 19.96, 8.33, 21.24, 13.9, 11.84, 10.42, 15.16, 16.38, 14.5, 14.71, 16.67]
Time taken to solve the MIP model : 0.0090 seconds
---------------------------------
