Can't find feasible solution

Number of initial container : 10
Number of new container : 10
Total number of containers : 20
Level_num : 9
Container_level : [5, 9, 8, 1, 8, 7, 8, 3, 3, 4, 8, 2, 2, 6, 4, 5, 4, 2, 2, 3]
ideal_configuration : 
 [[8. 0. 0. 0. 0. 0. 0. 0. 0. 0.]
 [4. 8. 0. 0. 0. 0. 0. 0. 0. 0.]
 [3. 5. 8. 0. 0. 0. 0. 0. 0. 0.]
 [2. 3. 5. 8. 0. 0. 0. 0. 0. 0.]
 [2. 2. 4. 6. 9. 0. 0. 0. 0. 0.]
 [1. 2. 3. 4. 7. 0. 0. 0. 0. 0.]]
Centroid : {5: (2.5, 2.5), 9: (5.0, 1.0), 8: (2.5, 3.5), 1: (1.0, 0.0), 7: (5.0, 0.0), 3: (2.0, 1.6666666666666667), 4: (2.6666666666666665, 1.6666666666666667), 2: (1.5, 1.0), 6: (4.0, 1.0)}
Repeat number : 19
Original weight : [14.62, 22.65, 20.58, 5.32, 21.3, 20.47, 21.86, 10.51, 11.63, 13.66, 21.47, 7.49, 7.78, 17.94, 11.82, 14.87, 12.07, 8.25, 8.3, 11.05]
Group : [0, 0, 0, 0, 0, 0, 0, 0, 0, 0, 0, 0, 0, 0, 0, 0, 0, 0, 0, 0]
Sequence : [0, 0, 0, 0, 0, 0, 0, 0, 0, 0, 1, 2, 3, 4, 5, 6, 7, 8, 9, 10]
Scroe : [14.62, 22.65, 20.58, 5.32, 21.3, 20.47, 21.86, 10.51, 11.63, 13.66, 21.47, 7.49, 7.78, 17.94, 11.82, 14.87, 12.07, 8.25, 8.3, 11.05]
Time taken to solve the MIP model : 0.0080 seconds
---------------------------------
