Can't find feasible solution

Number of initial container : 7
Number of new container : 18
Total number of containers : 25
Level_num : 9
Container_level : [1, 1, 3, 1, 9, 8, 1, 1, 3, 1, 1, 6, 3, 3, 6, 1, 1, 3, 1, 6, 1, 1, 6, 1, 3]
ideal_configuration : 
 [[1. 3. 6. 9. 0. 0.]
 [1. 1. 3. 6. 0. 0.]
 [1. 1. 1. 3. 6. 0.]
 [1. 1. 1. 3. 3. 8.]
 [1. 1. 1. 1. 3. 6.]]
Centroid : {1: (1.0, 1.4615384615384615), 3: (2.8333333333333335, 1.8333333333333333), 9: (3.0, 4.0), 8: (5.0, 1.0), 6: (3.5, 2.25)}
Repeat number : 24
Original weight : [6.38, 8.98, 8.78, 15.78, 22.38, 7.51, 21.58, 11.91, 19.68, 13.56, 6.45, 15.06, 7.95, 9.65, 15.95, 19.66, 9.11, 20.3, 15.71, 16.24, 18.47, 13.05, 10.95, 18.0, 22.62]
Group : [0, 0, 1, 0, 3, 3, 0, 0, 1, 0, 0, 2, 1, 1, 2, 0, 0, 1, 0, 2, 0, 0, 2, 0, 1]
Sequence : [0, 0, 0, 0, 0, 0, 0, 1, 2, 3, 4, 5, 6, 7, 8, 9, 10, 11, 12, 13, 14, 15, 16, 17, 18]
Scroe : [6.38, 8.98, 108.78, 15.78, 322.38, 307.51, 21.58, 11.91, 119.68, 13.56, 6.45, 215.06, 107.95, 109.65, 215.95, 19.66, 9.11, 120.3, 15.71, 216.24, 18.47, 13.05, 210.95, 18.0, 122.62]
Time taken to solve the MIP model : 0.0125 seconds
---------------------------------
