Can't find feasible solution

Number of initial container : 7
Number of new container : 18
Total number of containers : 25
Level_num : 9
Container_level : [8, 8, 8, 6, 8, 1, 1, 1, 8, 8, 3, 6, 1, 6, 6, 8, 9, 3, 1, 1, 6, 6, 8, 8, 1]
ideal_configuration : 
 [[6. 8. 8. 9. 0. 0.]
 [1. 6. 8. 8. 0. 0.]
 [1. 3. 6. 8. 8. 0.]
 [1. 1. 3. 6. 8. 8.]
 [1. 1. 1. 6. 6. 8.]]
Centroid : {8: (3.2222222222222223, 2.2222222222222223), 6: (2.1666666666666665, 1.6666666666666667), 1: (0.5714285714285714, 1.0), 3: (1.5, 1.5), 9: (3.0, 4.0)}
Repeat number : 18
Original weight : [21.43, 5.7, 10.64, 15.02, 5.45, 16.56, 22.79, 14.22, 7.56, 16.34, 19.05, 17.81, 12.09, 11.59, 18.33, 14.16, 23.87, 10.0, 23.73, 11.76, 11.06, 16.01, 5.88, 6.86, 8.35]
Group : [3, 3, 3, 2, 3, 0, 0, 0, 3, 3, 1, 2, 0, 2, 2, 3, 3, 1, 0, 0, 2, 2, 3, 3, 0]
Sequence : [0, 0, 0, 0, 0, 0, 0, 1, 2, 3, 4, 5, 6, 7, 8, 9, 10, 11, 12, 13, 14, 15, 16, 17, 18]
Scroe : [321.43, 305.7, 310.64, 215.02, 305.45, 16.56, 22.79, 14.22, 307.56, 316.34, 119.05, 217.81, 12.09, 211.59, 218.32999999999998, 314.16, 323.87, 110.0, 23.73, 11.76, 211.06, 216.01, 305.88, 306.86, 8.35]
Time taken to solve the MIP model : 0.0000 seconds
---------------------------------
