Can't find feasible solution

Number of initial container : 7
Number of new container : 18
Total number of containers : 25
Level_num : 9
Container_level : [8, 8, 5, 3, 8, 3, 1, 8, 5, 3, 8, 8, 8, 8, 8, 9, 6, 6, 3, 6, 3, 8, 3, 3, 6]
ideal_configuration : 
 [[6. 8. 8. 9. 0. 0.]
 [3. 6. 8. 8. 0. 0.]
 [3. 3. 6. 8. 8. 0.]
 [3. 3. 5. 6. 8. 8.]
 [1. 3. 3. 5. 8. 8.]]
Centroid : {8: (3.3, 2.0), 5: (2.5, 0.5), 3: (0.7142857142857143, 1.2857142857142858), 1: (0.0, 0.0), 9: (3.0, 4.0), 6: (1.5, 2.5)}
Repeat number : 13
Original weight : [14.32, 21.63, 6.24, 15.58, 19.68, 16.12, 19.04, 8.62, 8.15, 11.23, 21.82, 8.25, 17.78, 13.42, 10.67, 23.47, 20.11, 20.29, 11.16, 20.98, 8.21, 8.23, 21.64, 22.45, 10.36]
Group : [3, 3, 2, 1, 3, 1, 0, 3, 2, 1, 3, 3, 3, 3, 3, 3, 2, 2, 1, 2, 1, 3, 1, 1, 2]
Sequence : [0, 0, 0, 0, 0, 0, 0, 1, 2, 3, 4, 5, 6, 7, 8, 9, 10, 11, 12, 13, 14, 15, 16, 17, 18]
Scroe : [314.32, 321.63, 206.24, 115.58, 319.68, 116.12, 19.04, 308.62, 208.15, 111.23, 321.82, 308.25, 317.78, 313.42, 310.67, 323.47, 220.11, 220.29, 111.16, 220.98, 108.21000000000001, 308.23, 121.64, 122.45, 210.36]
Time taken to solve the MIP model : 0.0000 seconds
---------------------------------
