Can't find feasible solution

Number of initial container : 7
Number of new container : 18
Total number of containers : 25
Level_num : 9
Container_level : [8, 3, 3, 8, 1, 6, 1, 1, 1, 8, 6, 3, 8, 1, 6, 1, 3, 8, 6, 8, 8, 6, 6, 9, 8]
ideal_configuration : 
 [[6. 6. 8. 9. 0. 0.]
 [3. 6. 8. 8. 0. 0.]
 [1. 3. 6. 8. 8. 0.]
 [1. 1. 3. 6. 8. 8.]
 [1. 1. 1. 3. 6. 8.]]
Centroid : {8: (3.5, 2.0), 3: (1.5, 1.5), 1: (0.6666666666666666, 0.6666666666666666), 6: (1.8333333333333333, 2.3333333333333335), 9: (3.0, 4.0)}
Repeat number : 30
Original weight : [6.37, 19.21, 17.94, 21.54, 22.79, 12.16, 17.18, 12.63, 16.22, 18.88, 7.45, 5.88, 7.24, 20.85, 13.14, 21.18, 5.24, 19.83, 21.84, 20.63, 5.97, 10.09, 23.74, 21.75, 19.01]
Group : [3, 1, 1, 3, 0, 2, 0, 0, 0, 3, 2, 1, 3, 0, 2, 0, 1, 3, 2, 3, 3, 2, 2, 3, 3]
Sequence : [0, 0, 0, 0, 0, 0, 0, 1, 2, 3, 4, 5, 6, 7, 8, 9, 10, 11, 12, 13, 14, 15, 16, 17, 18]
Scroe : [306.37, 119.21000000000001, 117.94, 321.54, 22.79, 212.16, 17.18, 12.63, 16.22, 318.88, 207.45, 105.88, 307.24, 20.85, 213.14, 21.18, 105.24, 319.83, 221.84, 320.63, 305.97, 210.09, 223.74, 321.75, 319.01]
Time taken to solve the MIP model : 0.0013 seconds
---------------------------------
