Can't find feasible solution

Number of initial container : 7
Number of new container : 18
Total number of containers : 25
Level_num : 9
Container_level : [3, 8, 1, 1, 8, 8, 6, 6, 8, 1, 1, 1, 8, 3, 6, 3, 8, 1, 6, 1, 9, 6, 8, 3, 3]
ideal_configuration : 
 [[3. 6. 8. 9. 0. 0.]
 [1. 3. 6. 8. 0. 0.]
 [1. 3. 6. 8. 8. 0.]
 [1. 1. 3. 6. 8. 8.]
 [1. 1. 1. 3. 6. 8.]]
Centroid : {3: (1.4, 2.0), 8: (3.7142857142857144, 1.8571428571428572), 1: (0.5714285714285714, 1.0), 6: (2.4, 2.0), 9: (3.0, 4.0)}
Repeat number : 16
Original weight : [13.89, 9.06, 16.65, 7.49, 11.89, 22.55, 21.49, 8.28, 7.36, 6.82, 21.28, 6.11, 19.64, 19.86, 7.96, 7.6, 5.63, 23.24, 8.4, 15.73, 23.89, 20.59, 23.77, 6.02, 23.75]
Group : [1, 3, 0, 0, 3, 3, 2, 2, 3, 0, 0, 0, 3, 1, 2, 1, 3, 0, 2, 0, 3, 2, 3, 1, 1]
Sequence : [0, 0, 0, 0, 0, 0, 0, 1, 2, 3, 4, 5, 6, 7, 8, 9, 10, 11, 12, 13, 14, 15, 16, 17, 18]
Scroe : [113.89, 309.06, 16.65, 7.49, 311.89, 322.55, 221.49, 208.28, 307.36, 6.82, 21.28, 6.11, 319.64, 119.86, 207.96, 107.6, 305.63, 23.24, 208.4, 15.73, 323.89, 220.59, 323.77, 106.02, 123.75]
Time taken to solve the MIP model : 0.0076 seconds
---------------------------------
