Can't find feasible solution

Number of initial container : 7
Number of new container : 13
Total number of containers : 20
Level_num : 9
Container_level : [3, 6, 1, 1, 1, 8, 1, 1, 1, 1, 3, 1, 6, 9, 3, 6, 6, 1, 3, 6]
ideal_configuration : 
 [[3. 6. 0. 0. 0. 0.]
 [1. 3. 6. 0. 0. 0.]
 [1. 1. 3. 6. 0. 0.]
 [1. 1. 1. 6. 8. 0.]
 [1. 1. 1. 3. 6. 9.]]
Centroid : {3: (1.5, 2.25), 6: (2.6, 2.0), 1: (0.7777777777777778, 1.1111111111111112), 8: (4.0, 1.0), 9: (5.0, 0.0)}
Repeat number : 16
Original weight : [21.98, 17.93, 16.95, 9.04, 6.84, 8.45, 22.51, 12.67, 8.91, 10.06, 17.01, 18.3, 11.33, 14.69, 12.52, 20.75, 9.64, 23.61, 19.74, 15.72]
Group : [1, 2, 0, 0, 0, 3, 0, 0, 0, 0, 1, 0, 2, 3, 1, 2, 2, 0, 1, 2]
Sequence : [0, 0, 0, 0, 0, 0, 0, 1, 2, 3, 4, 5, 6, 7, 8, 9, 10, 11, 12, 13]
Scroe : [121.98, 217.93, 16.95, 9.04, 6.84, 308.45, 22.51, 12.67, 8.91, 10.06, 117.01, 18.3, 211.33, 314.69, 112.52, 220.75, 209.64, 23.61, 119.74, 215.72]
Time taken to solve the MIP model : 0.0000 seconds
---------------------------------
