Can't find feasible solution

Number of initial container : 7
Number of new container : 13
Total number of containers : 20
Level_num : 9
Container_level : [1, 3, 1, 9, 6, 3, 3, 3, 1, 8, 8, 3, 3, 6, 6, 1, 1, 6, 3, 3]
ideal_configuration : 
 [[3. 6. 0. 0. 0. 0.]
 [3. 3. 6. 0. 0. 0.]
 [1. 3. 3. 8. 0. 0.]
 [1. 1. 3. 6. 8. 0.]
 [1. 1. 3. 3. 6. 9.]]
Centroid : {1: (0.4, 0.8), 3: (1.375, 1.875), 9: (5.0, 0.0), 6: (2.5, 2.0), 8: (3.5, 1.5)}
Repeat number : 29
Original weight : [11.42, 17.04, 19.45, 18.49, 23.28, 9.19, 17.28, 16.98, 12.72, 5.17, 7.32, 7.31, 19.22, 20.52, 16.31, 20.4, 6.77, 9.38, 8.98, 19.26]
Group : [0, 1, 0, 3, 2, 1, 1, 1, 0, 3, 3, 1, 1, 2, 2, 0, 0, 2, 1, 1]
Sequence : [0, 0, 0, 0, 0, 0, 0, 1, 2, 3, 4, 5, 6, 7, 8, 9, 10, 11, 12, 13]
Scroe : [11.42, 117.03999999999999, 19.45, 318.49, 223.28, 109.19, 117.28, 116.98, 12.72, 305.17, 307.32, 107.31, 119.22, 220.52, 216.31, 20.4, 6.77, 209.38, 108.98, 119.26]
Time taken to solve the MIP model : 0.0000 seconds
---------------------------------
