Can't find feasible solution

Number of initial container : 7
Number of new container : 13
Total number of containers : 20
Level_num : 9
Container_level : [3, 8, 3, 1, 6, 8, 9, 1, 8, 1, 1, 1, 3, 1, 1, 3, 6, 6, 6, 6]
ideal_configuration : 
 [[3. 6. 0. 0. 0. 0.]
 [1. 6. 8. 0. 0. 0.]
 [1. 3. 6. 8. 0. 0.]
 [1. 1. 3. 6. 8. 0.]
 [1. 1. 1. 3. 6. 9.]]
Centroid : {3: (1.5, 1.75), 8: (3.0, 2.0), 1: (0.5714285714285714, 1.0), 6: (2.2, 2.0), 9: (5.0, 0.0)}
Repeat number : 23
Original weight : [23.77, 15.64, 23.2, 12.43, 7.59, 11.39, 21.9, 15.76, 14.24, 10.45, 16.8, 20.14, 14.74, 11.4, 10.2, 17.17, 8.59, 5.15, 12.6, 7.63]
Group : [1, 3, 1, 0, 2, 3, 3, 0, 3, 0, 0, 0, 1, 0, 0, 1, 2, 2, 2, 2]
Sequence : [0, 0, 0, 0, 0, 0, 0, 1, 2, 3, 4, 5, 6, 7, 8, 9, 10, 11, 12, 13]
Scroe : [123.77, 315.64, 123.2, 12.43, 207.59, 311.39, 321.9, 15.76, 314.24, 10.45, 16.8, 20.14, 114.74, 11.4, 10.2, 117.17, 208.59, 205.15, 212.6, 207.63]
Time taken to solve the MIP model : 0.0185 seconds
---------------------------------
