Can't find feasible solution

Number of initial container : 7
Number of new container : 13
Total number of containers : 20
Level_num : 9
Container_level : [3, 6, 1, 8, 3, 6, 1, 3, 9, 8, 1, 6, 3, 3, 6, 1, 6, 6, 6, 1]
ideal_configuration : 
 [[6. 6. 0. 0. 0. 0.]
 [3. 6. 6. 0. 0. 0.]
 [1. 3. 6. 8. 0. 0.]
 [1. 1. 3. 6. 8. 0.]
 [1. 1. 3. 3. 6. 9.]]
Centroid : {3: (1.6, 1.2), 6: (1.8571428571428572, 2.4285714285714284), 1: (0.4, 0.8), 8: (3.5, 1.5), 9: (5.0, 0.0)}
Repeat number : 27
Original weight : [15.66, 23.87, 20.77, 19.54, 12.82, 22.02, 11.74, 12.75, 21.8, 5.63, 12.23, 10.58, 14.83, 18.31, 21.19, 16.76, 17.62, 16.58, 22.92, 6.97]
Group : [1, 2, 0, 3, 1, 2, 0, 1, 3, 3, 0, 2, 1, 1, 2, 0, 2, 2, 2, 0]
Sequence : [0, 0, 0, 0, 0, 0, 0, 1, 2, 3, 4, 5, 6, 7, 8, 9, 10, 11, 12, 13]
Scroe : [115.66, 223.87, 20.77, 319.54, 112.82, 222.02, 11.74, 112.75, 321.8, 305.63, 12.23, 210.58, 114.83, 118.31, 221.19, 16.76, 217.62, 216.57999999999998, 222.92000000000002, 6.97]
Time taken to solve the MIP model : 0.0000 seconds
---------------------------------
