Can't find feasible solution

Number of initial container : 7
Number of new container : 13
Total number of containers : 20
Level_num : 9
Container_level : [1, 8, 1, 1, 1, 8, 1, 6, 1, 3, 6, 8, 3, 1, 3, 3, 1, 9, 3, 1]
ideal_configuration : 
 [[3. 6. 0. 0. 0. 0.]
 [1. 3. 8. 0. 0. 0.]
 [1. 1. 3. 8. 0. 0.]
 [1. 1. 1. 3. 8. 0.]
 [1. 1. 1. 3. 6. 9.]]
Centroid : {1: (0.7777777777777778, 1.1111111111111112), 8: (3.0, 2.0), 6: (2.5, 2.0), 3: (1.8, 2.0), 9: (5.0, 0.0)}
Repeat number : 1
Original weight : [21.14, 10.8, 11.15, 18.17, 18.52, 20.37, 17.68, 21.31, 20.37, 7.79, 18.48, 10.18, 10.56, 20.6, 12.42, 9.62, 22.82, 21.77, 12.14, 14.62]
Group : [0, 3, 0, 0, 0, 3, 0, 2, 0, 1, 2, 3, 1, 0, 1, 1, 0, 3, 1, 0]
Sequence : [0, 0, 0, 0, 0, 0, 0, 1, 2, 3, 4, 5, 6, 7, 8, 9, 10, 11, 12, 13]
Scroe : [21.14, 310.8, 11.15, 18.17, 18.52, 320.37, 17.68, 221.31, 20.37, 107.79, 218.48, 310.18, 110.56, 20.6, 112.42, 109.62, 22.82, 321.77, 112.14, 14.62]
Time taken to solve the MIP model : 0.0000 seconds
---------------------------------
