Can't find feasible solution

Number of initial container : 7
Number of new container : 13
Total number of containers : 20
Level_num : 9
Container_level : [6, 6, 8, 1, 6, 9, 6, 8, 6, 1, 3, 6, 3, 6, 3, 6, 3, 8, 3, 1]
ideal_configuration : 
 [[6. 6. 0. 0. 0. 0.]
 [3. 6. 8. 0. 0. 0.]
 [3. 3. 6. 8. 0. 0.]
 [1. 3. 6. 6. 8. 0.]
 [1. 1. 3. 6. 6. 9.]]
Centroid : {6: (2.0, 1.875), 8: (3.0, 2.0), 1: (0.3333333333333333, 0.3333333333333333), 9: (5.0, 0.0), 3: (0.8, 1.6)}
Repeat number : 21
Original weight : [6.14, 17.69, 5.32, 7.92, 20.13, 20.09, 12.62, 10.69, 18.14, 13.97, 9.97, 14.43, 15.11, 22.73, 11.26, 13.75, 18.69, 18.74, 18.7, 6.72]
Group : [2, 2, 3, 0, 2, 3, 2, 3, 2, 0, 1, 2, 1, 2, 1, 2, 1, 3, 1, 0]
Sequence : [0, 0, 0, 0, 0, 0, 0, 1, 2, 3, 4, 5, 6, 7, 8, 9, 10, 11, 12, 13]
Scroe : [206.14, 217.69, 305.32, 7.92, 220.13, 320.09, 212.62, 310.69, 218.14, 13.97, 109.97, 214.43, 115.11, 222.73, 111.26, 213.75, 118.69, 318.74, 118.7, 6.72]
Time taken to solve the MIP model : 0.0000 seconds
---------------------------------
