Can't find feasible solution

Number of initial container : 7
Number of new container : 13
Total number of containers : 20
Level_num : 9
Container_level : [1, 9, 1, 3, 6, 6, 1, 6, 6, 1, 1, 1, 3, 8, 6, 1, 6, 1, 6, 8]
ideal_configuration : 
 [[6. 6. 0. 0. 0. 0.]
 [1. 6. 6. 0. 0. 0.]
 [1. 1. 6. 8. 0. 0.]
 [1. 1. 3. 6. 8. 0.]
 [1. 1. 1. 3. 6. 9.]]
Centroid : {1: (0.625, 1.125), 9: (5.0, 0.0), 3: (2.5, 0.5), 6: (1.8571428571428572, 2.4285714285714284), 8: (3.5, 1.5)}
Repeat number : 25
Original weight : [13.14, 18.69, 16.66, 7.07, 11.7, 15.46, 6.4, 21.78, 11.96, 12.77, 7.76, 10.55, 6.95, 11.82, 21.85, 15.02, 16.73, 18.65, 7.88, 6.66]
Group : [0, 3, 0, 1, 2, 2, 0, 2, 2, 0, 0, 0, 1, 3, 2, 0, 2, 0, 2, 3]
Sequence : [0, 0, 0, 0, 0, 0, 0, 1, 2, 3, 4, 5, 6, 7, 8, 9, 10, 11, 12, 13]
Scroe : [13.14, 318.69, 16.66, 107.07, 211.7, 215.46, 6.4, 221.78, 211.96, 12.77, 7.76, 10.55, 106.95, 311.82, 221.85, 15.02, 216.73, 18.65, 207.88, 306.66]
Time taken to solve the MIP model : 0.0137 seconds
---------------------------------
