Can't find feasible solution

Number of initial container : 7
Number of new container : 13
Total number of containers : 20
Level_num : 9
Container_level : [6, 1, 8, 3, 3, 8, 3, 8, 3, 6, 6, 6, 9, 3, 8, 6, 6, 3, 1, 1]
ideal_configuration : 
 [[6. 8. 0. 0. 0. 0.]
 [3. 6. 8. 0. 0. 0.]
 [3. 3. 6. 8. 0. 0.]
 [1. 3. 3. 6. 8. 0.]
 [1. 1. 3. 6. 6. 9.]]
Centroid : {6: (2.1666666666666665, 1.6666666666666667), 1: (0.3333333333333333, 0.3333333333333333), 8: (2.5, 2.5), 3: (1.0, 1.5), 9: (5.0, 0.0)}
Repeat number : 26
Original weight : [5.89, 18.22, 22.13, 15.6, 18.79, 11.77, 7.06, 22.3, 15.26, 23.72, 22.85, 23.6, 23.47, 15.66, 9.63, 11.32, 13.77, 13.29, 6.87, 14.72]
Group : [2, 0, 3, 1, 1, 3, 1, 3, 1, 2, 2, 2, 3, 1, 3, 2, 2, 1, 0, 0]
Sequence : [0, 0, 0, 0, 0, 0, 0, 1, 2, 3, 4, 5, 6, 7, 8, 9, 10, 11, 12, 13]
Scroe : [205.89, 18.22, 322.13, 115.6, 118.78999999999999, 311.77, 107.06, 322.3, 115.26, 223.72, 222.85, 223.6, 323.47, 115.66, 309.63, 211.32, 213.77, 113.28999999999999, 6.87, 14.72]
Time taken to solve the MIP model : 0.0000 seconds
---------------------------------
