Can't find feasible solution

Number of initial container : 7
Number of new container : 13
Total number of containers : 20
Level_num : 9
Container_level : [3, 8, 6, 3, 1, 1, 1, 6, 3, 1, 8, 9, 1, 6, 3, 3, 3, 6, 6, 1]
ideal_configuration : 
 [[3. 6. 0. 0. 0. 0.]
 [3. 3. 6. 0. 0. 0.]
 [1. 3. 6. 8. 0. 0.]
 [1. 1. 3. 6. 8. 0.]
 [1. 1. 1. 3. 6. 9.]]
Centroid : {3: (1.1666666666666667, 2.1666666666666665), 8: (3.5, 1.5), 6: (2.4, 2.0), 1: (0.6666666666666666, 0.6666666666666666), 9: (5.0, 0.0)}
Repeat number : 28
Original weight : [9.83, 6.53, 15.33, 15.61, 14.49, 5.03, 14.32, 5.04, 11.39, 10.69, 10.36, 14.86, 15.95, 16.06, 15.78, 15.57, 13.55, 14.01, 7.89, 7.18]
Group : [1, 3, 2, 1, 0, 0, 0, 2, 1, 0, 3, 3, 0, 2, 1, 1, 1, 2, 2, 0]
Sequence : [0, 0, 0, 0, 0, 0, 0, 1, 2, 3, 4, 5, 6, 7, 8, 9, 10, 11, 12, 13]
Scroe : [109.83, 306.53, 215.33, 115.61, 14.49, 5.03, 14.32, 205.04, 111.39, 10.69, 310.36, 314.86, 15.95, 216.06, 115.78, 115.57, 113.55, 214.01, 207.89, 7.18]
Time taken to solve the MIP model : 0.0000 seconds
---------------------------------
