Can't find feasible solution

Number of initial container : 7
Number of new container : 13
Total number of containers : 20
Level_num : 9
Container_level : [3, 8, 6, 1, 3, 3, 1, 3, 9, 6, 8, 8, 1, 3, 6, 1, 1, 1, 8, 1]
ideal_configuration : 
 [[3. 8. 0. 0. 0. 0.]
 [1. 3. 8. 0. 0. 0.]
 [1. 3. 6. 8. 0. 0.]
 [1. 1. 3. 6. 8. 0.]
 [1. 1. 1. 3. 6. 9.]]
Centroid : {3: (1.4, 2.0), 8: (2.5, 2.5), 6: (3.0, 1.0), 1: (0.5714285714285714, 1.0), 9: (5.0, 0.0)}
Repeat number : 30
Original weight : [6.0, 12.46, 23.29, 19.54, 17.06, 16.76, 16.31, 11.85, 23.86, 6.93, 11.81, 8.07, 6.15, 23.32, 21.4, 8.79, 23.65, 15.07, 17.0, 6.32]
Group : [1, 3, 2, 0, 1, 1, 0, 1, 3, 2, 3, 3, 0, 1, 2, 0, 0, 0, 3, 0]
Sequence : [0, 0, 0, 0, 0, 0, 0, 1, 2, 3, 4, 5, 6, 7, 8, 9, 10, 11, 12, 13]
Scroe : [106.0, 312.46, 223.29, 19.54, 117.06, 116.76, 16.31, 111.85, 323.86, 206.93, 311.81, 308.07, 6.15, 123.32, 221.4, 8.79, 23.65, 15.07, 317.0, 6.32]
Time taken to solve the MIP model : 0.0000 seconds
---------------------------------
