Can't find feasible solution

Number of initial container : 7
Number of new container : 13
Total number of containers : 20
Level_num : 9
Container_level : [6, 6, 8, 3, 9, 8, 1, 6, 8, 6, 3, 8, 8, 3, 8, 1, 3, 1, 3, 1]
ideal_configuration : 
 [[6. 8. 0. 0. 0. 0.]
 [3. 6. 8. 0. 0. 0.]
 [1. 3. 6. 8. 0. 0.]
 [1. 3. 3. 8. 8. 0.]
 [1. 1. 3. 6. 8. 9.]]
Centroid : {6: (1.5, 2.25), 8: (2.8333333333333335, 1.8333333333333333), 3: (1.2, 1.4), 9: (5.0, 0.0), 1: (0.25, 0.75)}
Repeat number : 12
Original weight : [23.02, 22.29, 15.45, 17.24, 19.33, 18.45, 19.93, 21.89, 13.8, 13.85, 21.61, 8.95, 13.35, 10.54, 15.72, 8.38, 12.35, 23.37, 11.2, 6.51]
Group : [2, 2, 3, 1, 3, 3, 0, 2, 3, 2, 1, 3, 3, 1, 3, 0, 1, 0, 1, 0]
Sequence : [0, 0, 0, 0, 0, 0, 0, 1, 2, 3, 4, 5, 6, 7, 8, 9, 10, 11, 12, 13]
Scroe : [223.02, 222.29, 315.45, 117.24, 319.33, 318.45, 19.93, 221.89, 313.8, 213.85, 121.61, 308.95, 313.35, 110.53999999999999, 315.72, 8.38, 112.35, 23.37, 111.2, 6.51]
Time taken to solve the MIP model : 0.0000 seconds
---------------------------------
