Can't find feasible solution

Number of initial container : 5
Number of new container : 15
Total number of containers : 20
Level_num : 9
Container_level : [1, 7, 4, 3, 4, 2, 2, 2, 7, 8, 1, 5, 1, 4, 5, 8, 3, 2, 9, 5]
ideal_configuration : 
 [[4. 7. 0. 0. 0. 0.]
 [2. 4. 7. 0. 0. 0.]
 [2. 3. 5. 8. 0. 0.]
 [1. 2. 3. 5. 8. 0.]
 [1. 1. 2. 4. 5. 9.]]
Centroid : {1: (1.3333333333333333, 0.3333333333333333), 7: (2.5, 3.5), 4: (2.3333333333333335, 2.3333333333333335), 3: (2.5, 1.5), 2: (1.75, 1.5), 8: (4.5, 1.5), 5: (4.0, 1.0), 9: (6.0, 0.0)}
Repeat number : 8
Original weight : [6.46, 20.87, 13.93, 11.12, 13.54, 9.09, 9.06, 8.73, 21.53, 21.9, 7.33, 16.76, 6.16, 13.31, 14.99, 22.38, 12.41, 10.53, 23.77, 15.87]
Sequence : [0, 0, 0, 0, 0, 1, 2, 3, 4, 5, 6, 7, 8, 9, 10, 11, 12, 13, 14, 15]
Emergency : [0, 0, 0, 0, 0, 0, 0, 0, 0, 0, 0, 0, 0, 0, 0, 0, 0, 0, 0, 0]
Time taken to solve the MIP model : 0.0116 seconds
---------------------------------
