Can't find feasible solution

Number of initial container : 5
Number of new container : 15
Total number of containers : 20
Level_num : 9
Container_level : [5, 1, 2, 7, 9, 5, 5, 5, 7, 6, 6, 1, 2, 2, 1, 5, 4, 6, 7, 1]
ideal_configuration : 
 [[5. 6. 0. 0. 0. 0.]
 [2. 5. 7. 0. 0. 0.]
 [1. 4. 5. 7. 0. 0.]
 [1. 2. 5. 6. 7. 0.]
 [1. 1. 2. 5. 6. 9.]]
Centroid : {5: (2.6, 2.0), 1: (1.25, 0.75), 2: (2.0, 1.3333333333333333), 7: (4.0, 2.0), 9: (6.0, 0.0), 6: (3.6666666666666665, 1.6666666666666667), 4: (2.0, 2.0)}
Repeat number : 29
Original weight : [15.21, 5.18, 8.93, 18.85, 21.31, 13.89, 14.2, 13.95, 18.29, 16.86, 15.56, 5.48, 9.18, 8.11, 7.16, 14.0, 12.2, 15.92, 18.44, 5.23]
Sequence : [0, 0, 0, 0, 0, 1, 2, 3, 4, 5, 6, 7, 8, 9, 10, 11, 12, 13, 14, 15]
Emergency : [0, 0, 0, 0, 0, 0, 0, 0, 0, 0, 0, 0, 0, 0, 0, 0, 0, 0, 0, 0]
Time taken to solve the MIP model : 0.0050 seconds
---------------------------------
