Can't find feasible solution

Number of initial container : 5
Number of new container : 15
Total number of containers : 20
Level_num : 9
Container_level : [1, 7, 9, 1, 5, 3, 2, 3, 7, 3, 5, 5, 6, 4, 2, 2, 5, 4, 1, 5]
ideal_configuration : 
 [[4. 5. 0. 0. 0. 0.]
 [3. 5. 6. 0. 0. 0.]
 [2. 3. 5. 7. 0. 0.]
 [1. 2. 3. 5. 7. 0.]
 [1. 1. 2. 4. 5. 9.]]
Centroid : {1: (1.3333333333333333, 0.3333333333333333), 7: (4.5, 1.5), 9: (6.0, 0.0), 5: (3.2, 2.0), 3: (2.0, 2.0), 2: (2.0, 1.0), 6: (3.0, 3.0), 4: (2.5, 2.0)}
Repeat number : 12
Original weight : [7.34, 19.79, 23.19, 6.36, 16.72, 11.64, 9.39, 11.32, 19.53, 11.17, 16.43, 16.2, 17.16, 13.49, 9.88, 10.26, 16.44, 12.9, 8.09, 14.79]
Sequence : [0, 0, 0, 0, 0, 1, 2, 3, 4, 5, 6, 7, 8, 9, 10, 11, 12, 13, 14, 15]
Emergency : [0, 0, 0, 0, 0, 0, 0, 0, 0, 0, 0, 0, 0, 0, 0, 0, 0, 0, 0, 0]
Time taken to solve the MIP model : 0.0157 seconds
---------------------------------
