Can't find feasible solution

Number of initial container : 5
Number of new container : 18
Total number of containers : 23
Level_num : 9
Container_level : [6, 8, 3, 6, 6, 9, 6, 6, 1, 1, 6, 1, 3, 6, 3, 3, 8, 8, 1, 3, 1, 8, 8]
ideal_configuration : 
 [[6. 6. 8. 0. 0. 0.]
 [3. 6. 6. 8. 0. 0.]
 [1. 3. 6. 8. 9. 0.]
 [1. 1. 3. 6. 8. 0.]
 [1. 1. 3. 3. 6. 8.]]
Centroid : {6: (1.8571428571428572, 2.4285714285714284), 8: (3.4, 2.0), 3: (1.6, 1.2), 9: (4.0, 2.0), 1: (0.4, 0.8)}
Repeat number : 18
Original weight : [20.12, 8.9, 21.7, 8.34, 9.93, 23.15, 8.14, 22.19, 20.27, 21.5, 8.42, 11.53, 22.09, 10.5, 9.98, 16.77, 11.67, 21.74, 14.41, 14.79, 10.66, 23.13, 12.55]
Group : [2, 3, 1, 2, 2, 3, 2, 2, 0, 0, 2, 0, 1, 2, 1, 1, 3, 3, 0, 1, 0, 3, 3]
Sequence : [0, 0, 0, 0, 0, 1, 2, 3, 4, 5, 6, 7, 8, 9, 10, 11, 12, 13, 14, 15, 16, 17, 18]
Scroe : [220.12, 308.9, 121.7, 208.34, 209.93, 323.15, 208.14, 222.19, 20.27, 21.5, 208.42, 11.53, 122.09, 210.5, 109.98, 116.77, 311.67, 321.74, 14.41, 114.78999999999999, 10.66, 323.13, 312.55]
Time taken to solve the MIP model : 0.0070 seconds
---------------------------------
