Can't find feasible solution

Number of initial container : 5
Number of new container : 18
Total number of containers : 23
Level_num : 9
Container_level : [3, 8, 3, 9, 6, 1, 6, 3, 1, 6, 3, 3, 3, 3, 6, 1, 1, 8, 1, 6, 3, 8, 6]
ideal_configuration : 
 [[3. 6. 8. 0. 0. 0.]
 [3. 3. 6. 8. 0. 0.]
 [1. 3. 3. 6. 9. 0.]
 [1. 1. 3. 6. 6. 0.]
 [1. 1. 3. 3. 6. 8.]]
Centroid : {3: (1.375, 1.875), 8: (3.3333333333333335, 2.3333333333333335), 9: (4.0, 2.0), 6: (2.8333333333333335, 1.8333333333333333), 1: (0.4, 0.8)}
Repeat number : 16
Original weight : [9.13, 16.64, 18.84, 18.99, 6.11, 17.55, 5.35, 13.28, 7.22, 7.3, 19.5, 6.81, 22.2, 23.87, 12.18, 23.92, 8.19, 13.07, 20.61, 7.35, 9.18, 11.51, 10.58]
Group : [1, 3, 1, 3, 2, 0, 2, 1, 0, 2, 1, 1, 1, 1, 2, 0, 0, 3, 0, 2, 1, 3, 2]
Sequence : [0, 0, 0, 0, 0, 1, 2, 3, 4, 5, 6, 7, 8, 9, 10, 11, 12, 13, 14, 15, 16, 17, 18]
Scroe : [109.13, 316.64, 118.84, 318.99, 206.11, 17.55, 205.35, 113.28, 7.22, 207.3, 119.5, 106.81, 122.2, 123.87, 212.18, 23.92, 8.19, 313.07, 20.61, 207.35, 109.18, 311.51, 210.58]
Time taken to solve the MIP model : 0.0080 seconds
---------------------------------
