Can't find feasible solution

Number of initial container : 5
Number of new container : 18
Total number of containers : 23
Level_num : 9
Container_level : [3, 1, 8, 3, 1, 6, 1, 3, 8, 6, 8, 6, 1, 9, 3, 1, 1, 3, 6, 3, 1, 3, 8]
ideal_configuration : 
 [[3. 6. 8. 0. 0. 0.]
 [1. 3. 6. 8. 0. 0.]
 [1. 3. 3. 6. 9. 0.]
 [1. 1. 3. 3. 8. 0.]
 [1. 1. 1. 3. 6. 8.]]
Centroid : {3: (1.7142857142857142, 1.8571428571428572), 1: (0.5714285714285714, 1.0), 8: (3.5, 2.0), 6: (2.5, 2.25), 9: (4.0, 2.0)}
Repeat number : 23
Original weight : [5.03, 17.91, 9.8, 10.72, 19.82, 21.21, 14.22, 19.38, 14.58, 19.18, 11.89, 11.4, 18.83, 18.01, 9.97, 16.51, 19.5, 8.46, 23.52, 23.83, 11.75, 13.22, 14.36]
Group : [1, 0, 3, 1, 0, 2, 0, 1, 3, 2, 3, 2, 0, 3, 1, 0, 0, 1, 2, 1, 0, 1, 3]
Sequence : [0, 0, 0, 0, 0, 1, 2, 3, 4, 5, 6, 7, 8, 9, 10, 11, 12, 13, 14, 15, 16, 17, 18]
Scroe : [105.03, 17.91, 309.8, 110.72, 19.82, 221.21, 14.22, 119.38, 314.58, 219.18, 311.89, 211.4, 18.83, 318.01, 109.97, 16.51, 19.5, 108.46000000000001, 223.52, 123.83, 11.75, 113.22, 314.36]
Time taken to solve the MIP model : 0.0077 seconds
---------------------------------
