Can't find feasible solution

Number of initial container : 5
Number of new container : 18
Total number of containers : 23
Level_num : 9
Container_level : [3, 6, 1, 1, 3, 1, 1, 8, 9, 8, 6, 6, 6, 8, 1, 3, 1, 3, 3, 6, 8, 1, 3]
ideal_configuration : 
 [[3. 6. 8. 0. 0. 0.]
 [1. 3. 6. 8. 0. 0.]
 [1. 3. 3. 6. 9. 0.]
 [1. 1. 3. 6. 8. 0.]
 [1. 1. 1. 3. 6. 8.]]
Centroid : {3: (1.5, 2.0), 6: (2.6, 2.0), 1: (0.5714285714285714, 1.0), 8: (3.5, 2.0), 9: (4.0, 2.0)}
Repeat number : 17
Original weight : [9.99, 6.01, 23.22, 14.95, 14.07, 19.49, 13.38, 13.58, 20.72, 6.1, 20.41, 7.43, 16.6, 15.74, 21.91, 18.71, 13.0, 20.23, 15.63, 21.25, 5.42, 17.54, 22.16]
Group : [1, 2, 0, 0, 1, 0, 0, 3, 3, 3, 2, 2, 2, 3, 0, 1, 0, 1, 1, 2, 3, 0, 1]
Sequence : [0, 0, 0, 0, 0, 1, 2, 3, 4, 5, 6, 7, 8, 9, 10, 11, 12, 13, 14, 15, 16, 17, 18]
Scroe : [109.99, 206.01, 23.22, 14.95, 114.07, 19.49, 13.38, 313.58, 320.72, 306.1, 220.41, 207.43, 216.6, 315.74, 21.91, 118.71000000000001, 13.0, 120.23, 115.63, 221.25, 305.42, 17.54, 122.16]
Time taken to solve the MIP model : 0.0089 seconds
---------------------------------
