Can't find feasible solution

Number of initial container : 5
Number of new container : 18
Total number of containers : 23
Level_num : 9
Container_level : [3, 1, 8, 8, 6, 8, 3, 8, 6, 8, 3, 3, 3, 1, 6, 8, 8, 1, 1, 9, 8, 1, 6]
ideal_configuration : 
 [[6. 8. 8. 0. 0. 0.]
 [3. 6. 8. 8. 0. 0.]
 [1. 3. 6. 8. 9. 0.]
 [1. 1. 3. 6. 8. 0.]
 [1. 1. 3. 3. 8. 8.]]
Centroid : {3: (1.6, 1.2), 1: (0.4, 0.8), 8: (3.0, 2.125), 6: (1.5, 2.5), 9: (4.0, 2.0)}
Repeat number : 3
Original weight : [17.9, 23.65, 17.27, 19.62, 19.54, 10.98, 23.33, 8.38, 5.74, 12.03, 5.04, 17.84, 5.95, 15.83, 13.79, 6.28, 10.67, 15.04, 8.72, 19.8, 7.28, 23.49, 22.48]
Group : [1, 0, 3, 3, 2, 3, 1, 3, 2, 3, 1, 1, 1, 0, 2, 3, 3, 0, 0, 3, 3, 0, 2]
Sequence : [0, 0, 0, 0, 0, 1, 2, 3, 4, 5, 6, 7, 8, 9, 10, 11, 12, 13, 14, 15, 16, 17, 18]
Scroe : [117.9, 23.65, 317.27, 319.62, 219.54, 310.98, 123.33, 308.38, 205.74, 312.03, 105.04, 117.84, 105.95, 15.83, 213.79, 306.28, 310.67, 15.04, 8.72, 319.8, 307.28, 23.49, 222.48]
Time taken to solve the MIP model : 0.0000 seconds
---------------------------------
