Can't find feasible solution

Number of initial container : 10
Number of new container : 15
Total number of containers : 25
Level_num : 9
Container_level : [6, 2, 7, 1, 1, 4, 4, 2, 1, 7, 8, 7, 1, 3, 4, 3, 2, 6, 5, 5, 5, 6, 8, 6, 1]
ideal_configuration : 
 [[4. 5. 7. 8. 0. 0.]
 [2. 4. 6. 7. 0. 0.]
 [1. 2. 4. 6. 7. 0.]
 [1. 1. 3. 5. 6. 8.]
 [1. 1. 2. 3. 5. 6.]]
Centroid : {6: (4.5, 1.5), 2: (2.0, 1.6666666666666667), 7: (4.0, 3.0), 1: (1.4, 0.8), 4: (2.0, 3.0), 8: (5.0, 2.5), 3: (3.5, 0.5), 5: (3.6666666666666665, 1.6666666666666667)}
Repeat number : 27
Original weight : [17.21, 9.84, 21.28, 8.07, 6.88, 12.97, 13.63, 9.13, 6.35, 19.82, 22.35, 20.67, 8.33, 11.54, 13.56, 12.09, 9.06, 18.91, 16.77, 15.2, 16.75, 18.74, 23.51, 17.76, 7.94]
Sequence : [0, 0, 0, 0, 0, 0, 0, 0, 0, 0, 1, 2, 3, 4, 5, 6, 7, 8, 9, 10, 11, 12, 13, 14, 15]
Emergency : [0, 0, 0, 0, 0, 0, 0, 0, 0, 0, 0, 0, 0, 0, 0, 0, 0, 0, 0, 0, 0, 0, 0, 0, 0]
Time taken to solve the MIP model : 0.0057 seconds
---------------------------------
