Can't find feasible solution

Number of initial container : 10
Number of new container : 15
Total number of containers : 25
Level_num : 9
Container_level : [5, 4, 7, 1, 6, 4, 6, 8, 7, 5, 7, 8, 1, 4, 3, 4, 1, 7, 3, 3, 5, 6, 2, 2, 1]
ideal_configuration : 
 [[4. 5. 7. 8. 0. 0.]
 [3. 4. 6. 7. 0. 0.]
 [1. 3. 4. 6. 7. 0.]
 [1. 2. 3. 5. 6. 8.]
 [1. 1. 2. 4. 5. 7.]]
Centroid : {5: (3.6666666666666665, 1.6666666666666667), 4: (2.5, 2.25), 7: (4.5, 2.25), 1: (1.25, 0.75), 6: (4.0, 2.0), 8: (5.0, 2.5), 3: (2.0, 2.0), 2: (2.5, 0.5)}
Repeat number : 10
Original weight : [16.17, 14.41, 20.24, 7.94, 18.01, 13.08, 18.27, 23.51, 20.23, 17.09, 19.97, 23.87, 7.62, 14.38, 11.73, 14.02, 6.43, 21.12, 12.48, 12.45, 15.99, 18.24, 9.7, 8.98, 6.35]
Sequence : [0, 0, 0, 0, 0, 0, 0, 0, 0, 0, 1, 2, 3, 4, 5, 6, 7, 8, 9, 10, 11, 12, 13, 14, 15]
Emergency : [0, 0, 0, 0, 0, 0, 0, 0, 0, 0, 0, 0, 0, 0, 0, 0, 0, 0, 0, 0, 0, 0, 0, 0, 0]
Time taken to solve the MIP model : 0.0060 seconds
---------------------------------
