Can't find feasible solution

Number of initial container : 10
Number of new container : 15
Total number of containers : 25
Level_num : 9
Container_level : [4, 1, 3, 4, 2, 3, 8, 3, 7, 1, 5, 8, 1, 1, 5, 9, 4, 3, 4, 2, 4, 7, 1, 7, 4]
ideal_configuration : 
 [[3. 4. 7. 9. 0. 0.]
 [2. 4. 4. 7. 0. 0.]
 [1. 3. 4. 5. 8. 0.]
 [1. 1. 3. 4. 5. 8.]
 [1. 1. 2. 3. 4. 7.]]
Centroid : {4: (3.1666666666666665, 2.1666666666666665), 1: (1.4, 0.8), 3: (2.5, 1.75), 2: (2.0, 1.5), 8: (5.5, 1.5), 7: (4.333333333333333, 2.3333333333333335), 5: (4.5, 1.5), 9: (4.0, 4.0)}
Repeat number : 4
Original weight : [14.47, 8.18, 12.46, 13.51, 9.58, 12.28, 23.66, 11.98, 21.1, 6.05, 15.55, 21.92, 7.44, 6.4, 16.74, 23.72, 12.78, 10.8, 12.79, 10.42, 14.36, 19.7, 7.52, 20.02, 14.52]
Sequence : [0, 0, 0, 0, 0, 0, 0, 0, 0, 0, 1, 2, 3, 4, 5, 6, 7, 8, 9, 10, 11, 12, 13, 14, 15]
Emergency : [0, 0, 0, 0, 0, 0, 0, 0, 0, 0, 0, 0, 0, 0, 0, 0, 0, 0, 0, 0, 0, 0, 0, 0, 0]
Time taken to solve the MIP model : 0.0084 seconds
---------------------------------
