Can't find feasible solution

Number of initial container : 10
Number of new container : 15
Total number of containers : 25
Level_num : 9
Container_level : [1, 1, 2, 3, 6, 6, 4, 7, 8, 7, 1, 2, 7, 1, 7, 4, 3, 4, 4, 1, 5, 9, 6, 5, 4]
ideal_configuration : 
 [[4. 5. 7. 9. 0. 0.]
 [2. 4. 6. 7. 0. 0.]
 [1. 3. 4. 6. 7. 0.]
 [1. 1. 3. 4. 6. 8.]
 [1. 1. 2. 4. 5. 7.]]
Centroid : {1: (1.4, 0.8), 2: (2.0, 1.5), 3: (2.5, 1.5), 6: (4.0, 2.0), 4: (2.8, 2.0), 7: (4.5, 2.25), 8: (6.0, 1.0), 5: (3.5, 2.0), 9: (4.0, 4.0)}
Repeat number : 21
Original weight : [5.65, 5.78, 9.24, 11.98, 18.08, 17.74, 12.43, 19.55, 21.88, 20.23, 6.09, 9.12, 19.81, 6.2, 19.34, 13.17, 12.07, 13.72, 13.49, 5.72, 14.73, 22.94, 18.24, 16.43, 12.87]
Sequence : [0, 0, 0, 0, 0, 0, 0, 0, 0, 0, 1, 2, 3, 4, 5, 6, 7, 8, 9, 10, 11, 12, 13, 14, 15]
Emergency : [0, 0, 0, 0, 0, 0, 0, 0, 0, 0, 0, 0, 0, 0, 0, 0, 0, 0, 0, 0, 0, 0, 0, 0, 0]
Time taken to solve the MIP model : 0.0097 seconds
---------------------------------
