Can't find feasible solution

Number of initial container : 10
Number of new container : 15
Total number of containers : 25
Level_num : 9
Container_level : [6, 7, 4, 6, 1, 7, 7, 2, 8, 7, 6, 1, 1, 3, 3, 4, 4, 1, 8, 3, 1, 8, 2, 5, 5]
ideal_configuration : 
 [[4. 6. 7. 8. 0. 0.]
 [2. 4. 6. 7. 0. 0.]
 [1. 3. 4. 6. 8. 0.]
 [1. 1. 3. 5. 7. 8.]
 [1. 1. 2. 3. 5. 7.]]
Centroid : {6: (3.0, 3.0), 7: (4.5, 2.0), 4: (2.0, 3.0), 1: (1.4, 0.8), 2: (2.0, 1.5), 8: (5.0, 2.3333333333333335), 3: (3.0, 1.0), 5: (4.5, 0.5)}
Repeat number : 29
Original weight : [18.23, 20.11, 14.4, 18.89, 7.27, 20.38, 20.06, 10.51, 21.26, 19.36, 18.58, 8.48, 7.97, 12.48, 11.6, 13.24, 13.72, 6.74, 22.39, 11.34, 8.34, 23.31, 9.43, 15.47, 15.55]
Sequence : [0, 0, 0, 0, 0, 0, 0, 0, 0, 0, 1, 2, 3, 4, 5, 6, 7, 8, 9, 10, 11, 12, 13, 14, 15]
Emergency : [0, 0, 0, 0, 0, 0, 0, 0, 0, 0, 0, 0, 0, 0, 0, 0, 0, 0, 0, 0, 0, 0, 0, 0, 0]
Time taken to solve the MIP model : 0.0088 seconds
---------------------------------
