Can't find feasible solution

Number of initial container : 10
Number of new container : 15
Total number of containers : 25
Level_num : 9
Container_level : [4, 1, 7, 9, 2, 8, 7, 4, 4, 3, 4, 4, 2, 1, 1, 2, 2, 4, 5, 6, 5, 3, 1, 8, 7]
ideal_configuration : 
 [[4. 4. 7. 9. 0. 0.]
 [2. 4. 5. 7. 0. 0.]
 [1. 2. 4. 5. 8. 0.]
 [1. 2. 3. 4. 6. 8.]
 [1. 1. 2. 3. 4. 7.]]
Centroid : {4: (2.8333333333333335, 2.3333333333333335), 1: (1.25, 0.75), 7: (4.333333333333333, 2.3333333333333335), 9: (4.0, 4.0), 2: (2.0, 1.5), 8: (5.5, 1.5), 3: (3.5, 0.5), 5: (3.5, 2.5), 6: (5.0, 1.0)}
Repeat number : 8
Original weight : [14.91, 7.27, 19.78, 23.29, 10.27, 21.84, 19.2, 14.74, 14.58, 12.41, 14.54, 14.03, 10.0, 8.14, 6.69, 9.14, 10.49, 13.16, 16.53, 17.36, 16.03, 12.56, 8.1, 21.96, 19.91]
Sequence : [0, 0, 0, 0, 0, 0, 0, 0, 0, 0, 1, 2, 3, 4, 5, 6, 7, 8, 9, 10, 11, 12, 13, 14, 15]
Emergency : [0, 0, 0, 0, 0, 0, 0, 0, 0, 0, 0, 0, 0, 0, 0, 0, 0, 0, 0, 0, 0, 0, 0, 0, 0]
Time taken to solve the MIP model : 0.0081 seconds
---------------------------------
