Can't find feasible solution

Number of initial container : 10
Number of new container : 15
Total number of containers : 25
Level_num : 9
Container_level : [4, 2, 6, 3, 8, 7, 3, 4, 1, 3, 5, 5, 7, 8, 1, 5, 2, 2, 9, 8, 5, 1, 1, 7, 1]
ideal_configuration : 
 [[3. 5. 7. 9. 0. 0.]
 [2. 4. 5. 8. 0. 0.]
 [1. 2. 4. 6. 8. 0.]
 [1. 1. 3. 5. 7. 8.]
 [1. 1. 2. 3. 5. 7.]]
Centroid : {4: (2.5, 2.5), 2: (2.0, 1.6666666666666667), 6: (4.0, 2.0), 3: (2.6666666666666665, 1.6666666666666667), 8: (5.0, 2.0), 7: (4.666666666666667, 1.6666666666666667), 1: (1.4, 0.8), 5: (3.5, 2.0), 9: (4.0, 4.0)}
Repeat number : 30
Original weight : [12.81, 8.04, 16.08, 11.57, 21.91, 19.42, 10.8, 12.84, 6.4, 10.63, 15.42, 15.18, 18.69, 20.99, 6.94, 15.33, 7.83, 8.71, 22.13, 21.72, 15.6, 5.65, 7.53, 18.0, 5.5]
Sequence : [0, 0, 0, 0, 0, 0, 0, 0, 0, 0, 1, 2, 3, 4, 5, 6, 7, 8, 9, 10, 11, 12, 13, 14, 15]
Emergency : [0, 0, 0, 0, 0, 0, 0, 0, 0, 0, 0, 0, 0, 0, 0, 0, 0, 0, 0, 0, 0, 0, 0, 0, 0]
Time taken to solve the MIP model : 0.0019 seconds
---------------------------------
