Can't find feasible solution

Number of initial container : 10
Number of new container : 15
Total number of containers : 25
Level_num : 9
Container_level : [1, 2, 2, 7, 1, 8, 7, 9, 8, 5, 1, 3, 6, 8, 3, 6, 6, 4, 1, 1, 6, 4, 1, 1, 8]
ideal_configuration : 
 [[3. 6. 8. 9. 0. 0.]
 [1. 4. 6. 8. 0. 0.]
 [1. 2. 4. 6. 8. 0.]
 [1. 1. 2. 5. 7. 8.]
 [1. 1. 1. 3. 6. 7.]]
Centroid : {1: (1.5714285714285714, 1.0), 2: (2.5, 1.5), 7: (5.5, 0.5), 8: (4.5, 2.5), 9: (4.0, 4.0), 5: (4.0, 1.0), 3: (2.5, 2.0), 6: (3.5, 2.25), 4: (2.5, 2.5)}
Repeat number : 7
Original weight : [7.45, 8.32, 8.8, 21.44, 5.19, 23.76, 19.75, 23.8, 22.64, 14.78, 5.32, 12.04, 18.24, 21.63, 9.98, 16.91, 19.06, 13.42, 6.4, 7.48, 18.59, 13.64, 7.41, 5.97, 22.2]
Sequence : [0, 0, 0, 0, 0, 0, 0, 0, 0, 0, 1, 2, 3, 4, 5, 6, 7, 8, 9, 10, 11, 12, 13, 14, 15]
Emergency : [0, 0, 0, 0, 0, 0, 0, 0, 0, 0, 0, 0, 0, 0, 0, 0, 0, 0, 0, 0, 0, 0, 0, 0, 0]
Time taken to solve the MIP model : 0.0075 seconds
---------------------------------
