Can't find feasible solution

Number of initial container : 10
Number of new container : 15
Total number of containers : 25
Level_num : 9
Container_level : [8, 8, 6, 5, 9, 1, 1, 1, 6, 8, 8, 8, 6, 1, 3, 1, 6, 3, 8, 6, 3, 1, 8, 3, 3]
ideal_configuration : 
 [[3. 6. 8. 9. 0. 0.]
 [3. 5. 6. 8. 0. 0.]
 [1. 3. 6. 8. 8. 0.]
 [1. 1. 3. 6. 8. 8.]
 [1. 1. 1. 3. 6. 8.]]
Centroid : {8: (3.7142857142857144, 1.8571428571428572), 6: (2.4, 2.0), 5: (1.0, 3.0), 9: (3.0, 4.0), 1: (0.6666666666666666, 0.6666666666666666), 3: (1.2, 2.0)}
Repeat number : 30
Original weight : [5.66, 16.15, 12.99, 6.41, 22.01, 21.33, 18.28, 23.04, 23.67, 8.87, 17.35, 10.81, 14.88, 22.92, 8.08, 23.11, 9.7, 7.28, 13.41, 21.74, 19.59, 19.02, 6.67, 11.42, 7.37]
Group : [3, 3, 2, 2, 3, 0, 0, 0, 2, 3, 3, 3, 2, 0, 1, 0, 2, 1, 3, 2, 1, 0, 3, 1, 1]
Sequence : [0, 0, 0, 0, 0, 0, 0, 0, 0, 0, 1, 2, 3, 4, 5, 6, 7, 8, 9, 10, 11, 12, 13, 14, 15]
Scroe : [305.66, 316.15, 212.99, 206.41, 322.01, 21.33, 18.28, 23.04, 223.67000000000002, 308.87, 317.35, 310.81, 214.88, 22.92, 108.08, 23.11, 209.7, 107.28, 313.41, 221.74, 119.59, 19.02, 306.67, 111.42, 107.37]
Time taken to solve the MIP model : 0.0077 seconds
---------------------------------
