Can't find feasible solution

Number of initial container : 10
Number of new container : 15
Total number of containers : 25
Level_num : 9
Container_level : [3, 3, 6, 8, 1, 1, 6, 6, 3, 8, 3, 6, 8, 8, 1, 3, 8, 1, 9, 1, 6, 8, 3, 8, 8]
ideal_configuration : 
 [[3. 6. 8. 9. 0. 0.]
 [3. 6. 8. 8. 0. 0.]
 [1. 3. 6. 8. 8. 0.]
 [1. 1. 3. 6. 8. 8.]
 [1. 1. 3. 3. 6. 8.]]
Centroid : {3: (1.3333333333333333, 1.6666666666666667), 6: (2.2, 2.0), 8: (3.5, 2.0), 1: (0.4, 0.8), 9: (3.0, 4.0)}
Repeat number : 6
Original weight : [23.41, 15.1, 11.81, 17.33, 17.83, 12.04, 6.72, 5.65, 11.99, 6.96, 15.95, 14.39, 12.42, 6.86, 19.01, 16.56, 11.54, 22.16, 20.62, 12.66, 17.09, 14.83, 23.3, 11.0, 6.75]
Group : [1, 1, 2, 3, 0, 0, 2, 2, 1, 3, 1, 2, 3, 3, 0, 1, 3, 0, 3, 0, 2, 3, 1, 3, 3]
Sequence : [0, 0, 0, 0, 0, 0, 0, 0, 0, 0, 1, 2, 3, 4, 5, 6, 7, 8, 9, 10, 11, 12, 13, 14, 15]
Scroe : [123.41, 115.1, 211.81, 317.33, 17.83, 12.04, 206.72, 205.65, 111.99, 306.96, 115.95, 214.39, 312.42, 306.86, 19.01, 116.56, 311.54, 22.16, 320.62, 12.66, 217.09, 314.83, 123.3, 311.0, 306.75]
Time taken to solve the MIP model : 0.0000 seconds
---------------------------------
