Can't find feasible solution

Number of initial container : 10
Number of new container : 15
Total number of containers : 25
Level_num : 9
Container_level : [9, 3, 3, 3, 6, 1, 1, 1, 3, 1, 3, 1, 6, 3, 6, 8, 8, 3, 3, 8, 3, 1, 8, 3, 6]
ideal_configuration : 
 [[3. 3. 8. 9. 0. 0.]
 [3. 3. 6. 8. 0. 0.]
 [1. 3. 3. 6. 8. 0.]
 [1. 1. 3. 3. 6. 8.]
 [1. 1. 1. 3. 3. 6.]]
Centroid : {9: (3.0, 4.0), 3: (1.7, 2.0), 6: (3.5, 1.5), 1: (0.6666666666666666, 0.6666666666666666), 8: (3.5, 2.5)}
Repeat number : 9
Original weight : [20.89, 20.17, 14.85, 16.51, 5.48, 19.66, 7.33, 22.46, 22.68, 11.29, 22.33, 10.38, 12.4, 21.89, 10.41, 6.34, 19.94, 20.05, 22.05, 6.41, 20.4, 13.52, 20.0, 15.22, 18.3]
Group : [3, 1, 1, 1, 2, 0, 0, 0, 1, 0, 1, 0, 2, 1, 2, 3, 3, 1, 1, 3, 1, 0, 3, 1, 2]
Sequence : [0, 0, 0, 0, 0, 0, 0, 0, 0, 0, 1, 2, 3, 4, 5, 6, 7, 8, 9, 10, 11, 12, 13, 14, 15]
Scroe : [320.89, 120.17, 114.85, 116.51, 205.48, 19.66, 7.33, 22.46, 122.68, 11.29, 122.33, 10.38, 212.4, 121.89, 210.41, 306.34, 319.94, 120.05, 122.05, 306.41, 120.4, 13.52, 320.0, 115.22, 218.3]
Time taken to solve the MIP model : 0.0090 seconds
---------------------------------
