Can't find feasible solution

Number of initial container : 10
Number of new container : 15
Total number of containers : 25
Level_num : 9
Container_level : [8, 8, 6, 6, 3, 6, 1, 8, 9, 3, 8, 8, 8, 8, 6, 6, 8, 6, 1, 3, 8, 8, 3, 6, 1]
ideal_configuration : 
 [[6. 8. 8. 9. 0. 0.]
 [3. 6. 8. 8. 0. 0.]
 [3. 6. 6. 8. 8. 0.]
 [1. 3. 6. 6. 8. 8.]
 [1. 1. 3. 6. 8. 8.]]
Centroid : {8: (3.3, 2.0), 6: (1.7142857142857142, 1.8571428571428572), 3: (0.75, 1.5), 1: (0.3333333333333333, 0.3333333333333333), 9: (3.0, 4.0)}
Repeat number : 25
Original weight : [6.27, 14.08, 20.6, 23.04, 22.0, 23.69, 7.19, 9.58, 23.94, 16.44, 16.67, 12.77, 21.22, 11.23, 6.97, 9.4, 19.01, 5.54, 14.73, 5.09, 21.76, 15.61, 18.9, 9.85, 9.14]
Group : [3, 3, 2, 2, 1, 2, 0, 3, 3, 1, 3, 3, 3, 3, 2, 2, 3, 2, 0, 1, 3, 3, 1, 2, 0]
Sequence : [0, 0, 0, 0, 0, 0, 0, 0, 0, 0, 1, 2, 3, 4, 5, 6, 7, 8, 9, 10, 11, 12, 13, 14, 15]
Scroe : [306.27, 314.08, 220.6, 223.04, 122.0, 223.69, 7.19, 309.58, 323.94, 116.44, 316.67, 312.77, 321.22, 311.23, 206.97, 209.4, 319.01, 205.54, 14.73, 105.09, 321.76, 315.61, 118.9, 209.85, 9.14]
Time taken to solve the MIP model : 0.0041 seconds
---------------------------------
