Can't find feasible solution

Number of initial container : 10
Number of new container : 15
Total number of containers : 25
Level_num : 9
Container_level : [8, 8, 3, 1, 6, 6, 8, 6, 6, 8, 1, 1, 3, 6, 3, 6, 1, 1, 8, 3, 1, 6, 3, 6, 9]
ideal_configuration : 
 [[3. 6. 8. 9. 0. 0.]
 [3. 6. 6. 8. 0. 0.]
 [1. 3. 6. 6. 8. 0.]
 [1. 1. 3. 6. 6. 8.]
 [1. 1. 1. 3. 6. 8.]]
Centroid : {8: (3.8, 2.0), 3: (1.2, 2.0), 1: (0.6666666666666666, 0.6666666666666666), 6: (2.5, 2.0), 9: (3.0, 4.0)}
Repeat number : 19
Original weight : [16.52, 19.85, 5.12, 16.43, 16.31, 17.13, 9.07, 16.41, 8.47, 6.96, 14.32, 18.43, 14.61, 21.35, 5.41, 7.84, 14.1, 17.15, 13.05, 5.32, 9.85, 9.3, 12.02, 7.79, 23.82]
Group : [3, 3, 1, 0, 2, 2, 3, 2, 2, 3, 0, 0, 1, 2, 1, 2, 0, 0, 3, 1, 0, 2, 1, 2, 3]
Sequence : [0, 0, 0, 0, 0, 0, 0, 0, 0, 0, 1, 2, 3, 4, 5, 6, 7, 8, 9, 10, 11, 12, 13, 14, 15]
Scroe : [316.52, 319.85, 105.12, 16.43, 216.31, 217.13, 309.07, 216.41, 208.47, 306.96, 14.32, 18.43, 114.61, 221.35, 105.41, 207.84, 14.1, 17.15, 313.05, 105.32, 9.85, 209.3, 112.02, 207.79, 323.82]
Time taken to solve the MIP model : 0.0000 seconds
---------------------------------
