Can't find feasible solution

Number of initial container : 10
Number of new container : 15
Total number of containers : 25
Level_num : 9
Container_level : [3, 8, 8, 8, 6, 1, 8, 1, 8, 3, 6, 1, 6, 1, 8, 8, 6, 8, 3, 6, 3, 3, 6, 8, 9]
ideal_configuration : 
 [[6. 8. 8. 9. 0. 0.]
 [3. 6. 8. 8. 0. 0.]
 [1. 3. 6. 8. 8. 0.]
 [1. 3. 3. 6. 8. 8.]
 [1. 1. 3. 6. 6. 8.]]
Centroid : {3: (1.2, 1.4), 8: (3.2222222222222223, 2.2222222222222223), 6: (2.1666666666666665, 1.6666666666666667), 1: (0.25, 0.75), 9: (3.0, 4.0)}
Repeat number : 3
Original weight : [13.0, 5.6, 13.22, 11.58, 13.59, 19.57, 10.22, 21.17, 14.75, 7.55, 10.12, 14.48, 22.6, 19.02, 21.97, 16.18, 14.2, 8.8, 9.84, 10.05, 17.02, 6.73, 17.93, 9.48, 22.38]
Group : [1, 3, 3, 3, 2, 0, 3, 0, 3, 1, 2, 0, 2, 0, 3, 3, 2, 3, 1, 2, 1, 1, 2, 3, 3]
Sequence : [0, 0, 0, 0, 0, 0, 0, 0, 0, 0, 1, 2, 3, 4, 5, 6, 7, 8, 9, 10, 11, 12, 13, 14, 15]
Scroe : [113.0, 305.6, 313.22, 311.58, 213.59, 19.57, 310.22, 21.17, 314.75, 107.55, 210.12, 14.48, 222.6, 19.02, 321.97, 316.18, 214.2, 308.8, 109.84, 210.05, 117.02, 106.73, 217.93, 309.48, 322.38]
Time taken to solve the MIP model : 0.0079 seconds
---------------------------------
