Can't find feasible solution

Number of initial container : 10
Number of new container : 15
Total number of containers : 25
Level_num : 9
Container_level : [6, 1, 8, 3, 3, 3, 6, 1, 6, 1, 6, 8, 9, 6, 6, 3, 3, 1, 1, 1, 1, 8, 1, 8, 8]
ideal_configuration : 
 [[3. 6. 8. 9. 0. 0.]
 [1. 3. 6. 8. 0. 0.]
 [1. 1. 3. 6. 8. 0.]
 [1. 1. 3. 6. 6. 8.]
 [1. 1. 1. 3. 6. 8.]]
Centroid : {6: (2.8333333333333335, 1.8333333333333333), 1: (0.625, 1.125), 8: (3.8, 2.0), 3: (1.6, 2.0), 9: (3.0, 4.0)}
Repeat number : 18
Original weight : [5.06, 8.75, 17.35, 22.56, 13.27, 23.6, 17.25, 13.14, 8.1, 7.03, 5.95, 20.45, 23.74, 18.87, 5.32, 22.05, 16.86, 21.85, 16.27, 17.55, 10.22, 5.39, 13.52, 7.47, 9.65]
Group : [2, 0, 3, 1, 1, 1, 2, 0, 2, 0, 2, 3, 3, 2, 2, 1, 1, 0, 0, 0, 0, 3, 0, 3, 3]
Sequence : [0, 0, 0, 0, 0, 0, 0, 0, 0, 0, 1, 2, 3, 4, 5, 6, 7, 8, 9, 10, 11, 12, 13, 14, 15]
Scroe : [205.06, 8.75, 317.35, 122.56, 113.27, 123.6, 217.25, 13.14, 208.1, 7.03, 205.95, 320.45, 323.74, 218.87, 205.32, 122.05, 116.86, 21.85, 16.27, 17.55, 10.22, 305.39, 13.52, 307.47, 309.65]
Time taken to solve the MIP model : 0.0146 seconds
---------------------------------
