Can't find feasible solution

Number of initial container : 3
Number of new container : 17
Total number of containers : 20
Level_num : 9
Container_level : [8, 1, 6, 3, 6, 1, 8, 1, 1, 1, 1, 8, 3, 9, 3, 6, 6, 3, 6, 3]
ideal_configuration : 
 [[3. 6. 0. 0. 0. 0.]
 [3. 6. 8. 0. 0. 0.]
 [1. 3. 6. 8. 0. 0.]
 [1. 1. 3. 6. 8. 0.]
 [1. 1. 1. 3. 6. 9.]]
Centroid : {8: (3.0, 2.0), 1: (0.6666666666666666, 0.6666666666666666), 6: (2.2, 2.0), 3: (1.2, 2.0), 9: (5.0, 0.0)}
Repeat number : 24
Original weight : [9.93, 23.83, 20.45, 5.62, 10.63, 22.27, 16.87, 18.17, 21.66, 16.24, 9.43, 14.05, 18.08, 23.18, 15.17, 14.31, 21.62, 20.96, 8.4, 16.66]
Group : [3, 0, 2, 1, 2, 0, 3, 0, 0, 0, 0, 3, 1, 3, 1, 2, 2, 1, 2, 1]
Sequence : [0, 0, 0, 1, 2, 3, 4, 5, 6, 7, 8, 9, 10, 11, 12, 13, 14, 15, 16, 17]
Scroe : [309.93, 23.83, 220.45, 105.62, 210.63, 22.27, 316.87, 18.17, 21.66, 16.24, 9.43, 314.05, 118.08, 323.18, 115.17, 214.31, 221.62, 120.96000000000001, 208.4, 116.66]
Time taken to solve the MIP model : 0.0108 seconds
---------------------------------
