Can't find feasible solution

Number of initial container : 10
Number of new container : 13
Total number of containers : 23
Level_num : 9
Container_level : [8, 8, 8, 6, 1, 6, 1, 3, 3, 8, 3, 6, 3, 6, 3, 1, 3, 8, 6, 1, 8, 9, 6]
ideal_configuration : 
 [[6. 6. 8. 0. 0. 0.]
 [3. 6. 8. 8. 0. 0.]
 [1. 3. 6. 8. 9. 0.]
 [1. 3. 3. 6. 8. 0.]
 [1. 1. 3. 3. 6. 8.]]
Centroid : {8: (3.1666666666666665, 2.1666666666666665), 6: (1.8333333333333333, 2.3333333333333335), 1: (0.25, 0.75), 3: (1.5, 1.1666666666666667), 9: (4.0, 2.0)}
Repeat number : 21
Original weight : [19.55, 17.99, 21.32, 19.0, 13.43, 10.93, 12.42, 6.71, 16.9, 16.99, 15.09, 9.93, 15.6, 11.54, 6.05, 10.07, 13.3, 15.07, 12.79, 18.19, 6.21, 23.34, 22.92]
Group : [3, 3, 3, 2, 0, 2, 0, 1, 1, 3, 1, 2, 1, 2, 1, 0, 1, 3, 2, 0, 3, 3, 2]
Sequence : [0, 0, 0, 0, 0, 0, 0, 0, 0, 0, 1, 2, 3, 4, 5, 6, 7, 8, 9, 10, 11, 12, 13]
Scroe : [319.55, 317.99, 321.32, 219.0, 13.43, 210.93, 12.42, 106.71, 116.9, 316.99, 115.09, 209.93, 115.6, 211.54, 106.05, 10.07, 113.3, 315.07, 212.79, 18.19, 306.21, 323.34, 222.92000000000002]
Time taken to solve the MIP model : 0.0000 seconds
---------------------------------
