Can't find feasible solution

Number of initial container : 10
Number of new container : 13
Total number of containers : 23
Level_num : 9
Container_level : [1, 6, 9, 3, 6, 3, 3, 6, 3, 3, 6, 3, 3, 6, 3, 6, 8, 3, 6, 6, 3, 6, 8]
ideal_configuration : 
 [[3. 6. 8. 0. 0. 0.]
 [3. 6. 6. 8. 0. 0.]
 [3. 3. 6. 6. 9. 0.]
 [3. 3. 3. 6. 6. 0.]
 [1. 3. 3. 3. 6. 6.]]
Centroid : {1: (0.0, 0.0), 6: (2.7777777777777777, 1.7777777777777777), 9: (4.0, 2.0), 3: (1.0, 1.4), 8: (2.5, 3.5)}
Repeat number : 25
Original weight : [13.22, 14.5, 20.69, 11.54, 6.1, 6.79, 18.18, 5.89, 16.23, 23.76, 17.43, 7.47, 6.81, 10.88, 16.53, 16.34, 19.99, 22.32, 8.54, 16.45, 13.52, 17.71, 17.55]
Group : [0, 2, 3, 1, 2, 1, 1, 2, 1, 1, 2, 1, 1, 2, 1, 2, 3, 1, 2, 2, 1, 2, 3]
Sequence : [0, 0, 0, 0, 0, 0, 0, 0, 0, 0, 1, 2, 3, 4, 5, 6, 7, 8, 9, 10, 11, 12, 13]
Scroe : [13.22, 214.5, 320.69, 111.53999999999999, 206.1, 106.79, 118.18, 205.89, 116.23, 123.76, 217.43, 107.47, 106.81, 210.88, 116.53, 216.34, 319.99, 122.32, 208.54, 216.45, 113.52, 217.71, 317.55]
Time taken to solve the MIP model : 0.0157 seconds
---------------------------------
