Can't find feasible solution

Number of initial container : 10
Number of new container : 13
Total number of containers : 23
Level_num : 9
Container_level : [8, 6, 6, 8, 3, 8, 6, 9, 8, 1, 3, 1, 1, 3, 1, 8, 1, 8, 1, 1, 8, 6, 6]
ideal_configuration : 
 [[6. 8. 8. 0. 0. 0.]
 [1. 6. 8. 8. 0. 0.]
 [1. 3. 6. 8. 9. 0.]
 [1. 1. 3. 6. 8. 0.]
 [1. 1. 1. 3. 6. 8.]]
Centroid : {8: (2.857142857142857, 2.4285714285714284), 6: (2.0, 2.0), 3: (2.0, 1.0), 9: (4.0, 2.0), 1: (0.5714285714285714, 1.0)}
Repeat number : 2
Original weight : [17.81, 10.54, 5.91, 15.6, 8.74, 17.31, 10.74, 21.71, 6.27, 16.73, 7.2, 18.15, 21.45, 10.43, 20.61, 21.48, 15.79, 11.48, 10.64, 19.91, 17.2, 13.37, 17.83]
Group : [3, 2, 2, 3, 1, 3, 2, 3, 3, 0, 1, 0, 0, 1, 0, 3, 0, 3, 0, 0, 3, 2, 2]
Sequence : [0, 0, 0, 0, 0, 0, 0, 0, 0, 0, 1, 2, 3, 4, 5, 6, 7, 8, 9, 10, 11, 12, 13]
Scroe : [317.81, 210.54, 205.91, 315.6, 108.74, 317.31, 210.74, 321.71, 306.27, 16.73, 107.2, 18.15, 21.45, 110.43, 20.61, 321.48, 15.79, 311.48, 10.64, 19.91, 317.2, 213.37, 217.82999999999998]
Time taken to solve the MIP model : 0.0045 seconds
---------------------------------
