Can't find feasible solution

Number of initial container : 10
Number of new container : 13
Total number of containers : 23
Level_num : 9
Container_level : [1, 6, 6, 6, 1, 8, 6, 3, 9, 3, 3, 1, 1, 3, 3, 8, 6, 6, 1, 8, 6, 8, 6]
ideal_configuration : 
 [[6. 6. 8. 0. 0. 0.]
 [3. 6. 6. 8. 0. 0.]
 [1. 3. 6. 6. 9. 0.]
 [1. 1. 3. 6. 8. 0.]
 [1. 1. 3. 3. 6. 8.]]
Centroid : {1: (0.4, 0.8), 6: (2.0, 2.375), 8: (3.5, 2.0), 3: (1.6, 1.2), 9: (4.0, 2.0)}
Repeat number : 9
Original weight : [22.61, 8.02, 18.75, 18.44, 6.97, 16.5, 16.39, 7.16, 19.59, 18.11, 21.96, 14.49, 22.58, 12.88, 8.5, 9.98, 21.33, 20.22, 9.14, 11.32, 10.12, 6.37, 10.14]
Group : [0, 2, 2, 2, 0, 3, 2, 1, 3, 1, 1, 0, 0, 1, 1, 3, 2, 2, 0, 3, 2, 3, 2]
Sequence : [0, 0, 0, 0, 0, 0, 0, 0, 0, 0, 1, 2, 3, 4, 5, 6, 7, 8, 9, 10, 11, 12, 13]
Scroe : [22.61, 208.02, 218.75, 218.44, 6.97, 316.5, 216.39, 107.16, 319.59, 118.11, 121.96000000000001, 14.49, 22.58, 112.88, 108.5, 309.98, 221.32999999999998, 220.22, 9.14, 311.32, 210.12, 306.37, 210.14]
Time taken to solve the MIP model : 0.0019 seconds
---------------------------------
