Can't find feasible solution

Number of initial container : 10
Number of new container : 13
Total number of containers : 23
Level_num : 9
Container_level : [9, 3, 1, 1, 6, 3, 5, 3, 5, 6, 3, 1, 1, 6, 1, 1, 6, 8, 1, 1, 1, 3, 8]
ideal_configuration : 
 [[3. 5. 8. 0. 0. 0.]
 [1. 3. 6. 8. 0. 0.]
 [1. 1. 3. 6. 9. 0.]
 [1. 1. 1. 3. 6. 0.]
 [1. 1. 1. 3. 5. 6.]]
Centroid : {9: (4.0, 2.0), 3: (1.8, 2.0), 1: (0.7777777777777778, 1.1111111111111112), 6: (3.5, 1.5), 5: (2.5, 2.0), 8: (2.5, 3.5)}
Repeat number : 30
Original weight : [23.14, 19.74, 13.53, 14.95, 21.69, 12.08, 5.36, 6.25, 5.42, 21.99, 22.97, 13.37, 18.27, 7.88, 15.59, 15.42, 11.74, 17.43, 14.89, 17.17, 15.2, 22.68, 17.77]
Group : [3, 1, 0, 0, 2, 1, 2, 1, 2, 2, 1, 0, 0, 2, 0, 0, 2, 3, 0, 0, 0, 1, 3]
Sequence : [0, 0, 0, 0, 0, 0, 0, 0, 0, 0, 1, 2, 3, 4, 5, 6, 7, 8, 9, 10, 11, 12, 13]
Scroe : [323.14, 119.74, 13.53, 14.95, 221.69, 112.08, 205.36, 106.25, 205.42, 221.99, 122.97, 13.37, 18.27, 207.88, 15.59, 15.42, 211.74, 317.43, 14.89, 17.17, 15.2, 122.68, 317.77]
Time taken to solve the MIP model : 0.0008 seconds
---------------------------------
