Can't find feasible solution

Number of initial container : 10
Number of new container : 13
Total number of containers : 23
Level_num : 9
Container_level : [3, 3, 8, 3, 9, 1, 1, 8, 6, 1, 3, 8, 3, 1, 8, 1, 3, 1, 3, 3, 8, 3, 8]
ideal_configuration : 
 [[3. 6. 8. 0. 0. 0.]
 [3. 3. 8. 8. 0. 0.]
 [1. 3. 3. 8. 9. 0.]
 [1. 1. 3. 3. 8. 0.]
 [1. 1. 1. 3. 3. 8.]]
Centroid : {3: (1.7777777777777777, 1.7777777777777777), 8: (3.1666666666666665, 2.1666666666666665), 9: (4.0, 2.0), 1: (0.6666666666666666, 0.6666666666666666), 6: (1.0, 4.0)}
Repeat number : 18
Original weight : [16.58, 13.33, 12.19, 22.47, 21.86, 15.59, 20.35, 12.48, 22.13, 13.91, 8.51, 20.18, 8.12, 22.16, 19.87, 12.19, 20.77, 22.19, 22.02, 19.11, 12.69, 12.15, 19.7]
Group : [1, 1, 3, 1, 3, 0, 0, 3, 2, 0, 1, 3, 1, 0, 3, 0, 1, 0, 1, 1, 3, 1, 3]
Sequence : [0, 0, 0, 0, 0, 0, 0, 0, 0, 0, 1, 2, 3, 4, 5, 6, 7, 8, 9, 10, 11, 12, 13]
Scroe : [116.58, 113.33, 312.19, 122.47, 321.86, 15.59, 20.35, 312.48, 222.13, 13.91, 108.51, 320.18, 108.12, 22.16, 319.87, 12.19, 120.77, 22.19, 122.02, 119.11, 312.69, 112.15, 319.7]
Time taken to solve the MIP model : 0.0041 seconds
---------------------------------
