Can't find feasible solution

Number of initial container : 10
Number of new container : 13
Total number of containers : 23
Level_num : 9
Container_level : [6, 8, 6, 3, 8, 1, 3, 1, 6, 3, 6, 1, 3, 3, 6, 1, 8, 9, 1, 8, 8, 3, 1]
ideal_configuration : 
 [[3. 6. 8. 0. 0. 0.]
 [3. 3. 6. 8. 0. 0.]
 [1. 3. 6. 8. 9. 0.]
 [1. 1. 3. 6. 8. 0.]
 [1. 1. 1. 3. 6. 8.]]
Centroid : {6: (2.4, 2.0), 8: (3.4, 2.0), 3: (1.1666666666666667, 2.1666666666666665), 1: (0.6666666666666666, 0.6666666666666666), 9: (4.0, 2.0)}
Repeat number : 20
Original weight : [8.24, 7.97, 6.69, 18.16, 18.92, 11.21, 23.09, 17.19, 21.96, 8.52, 21.74, 8.86, 23.37, 21.92, 10.43, 14.2, 16.44, 19.99, 21.42, 7.93, 17.83, 14.24, 22.86]
Group : [2, 3, 2, 1, 3, 0, 1, 0, 2, 1, 2, 0, 1, 1, 2, 0, 3, 3, 0, 3, 3, 1, 0]
Sequence : [0, 0, 0, 0, 0, 0, 0, 0, 0, 0, 1, 2, 3, 4, 5, 6, 7, 8, 9, 10, 11, 12, 13]
Scroe : [208.24, 307.97, 206.69, 118.16, 318.92, 11.21, 123.09, 17.19, 221.96, 108.52, 221.74, 8.86, 123.37, 121.92, 210.43, 14.2, 316.44, 319.99, 21.42, 307.93, 317.83, 114.24, 22.86]
Time taken to solve the MIP model : 0.0031 seconds
---------------------------------
