Can't find feasible solution

Number of initial container : 10
Number of new container : 13
Total number of containers : 23
Level_num : 9
Container_level : [1, 3, 1, 8, 1, 8, 8, 8, 6, 1, 1, 1, 8, 8, 8, 6, 6, 1, 3, 9, 3, 8, 3]
ideal_configuration : 
 [[3. 8. 8. 0. 0. 0.]
 [1. 6. 8. 8. 0. 0.]
 [1. 3. 6. 8. 9. 0.]
 [1. 1. 3. 6. 8. 0.]
 [1. 1. 1. 3. 8. 8.]]
Centroid : {1: (0.5714285714285714, 1.0), 3: (1.5, 1.75), 8: (3.0, 2.125), 6: (2.0, 2.0), 9: (4.0, 2.0)}
Repeat number : 13
Original weight : [17.6, 22.04, 19.01, 20.07, 19.64, 10.39, 11.16, 8.09, 6.99, 19.58, 9.27, 20.2, 7.47, 7.16, 20.89, 11.12, 9.11, 14.17, 10.79, 20.93, 16.17, 9.81, 18.76]
Group : [0, 1, 0, 3, 0, 3, 3, 3, 2, 0, 0, 0, 3, 3, 3, 2, 2, 0, 1, 3, 1, 3, 1]
Sequence : [0, 0, 0, 0, 0, 0, 0, 0, 0, 0, 1, 2, 3, 4, 5, 6, 7, 8, 9, 10, 11, 12, 13]
Scroe : [17.6, 122.03999999999999, 19.01, 320.07, 19.64, 310.39, 311.16, 308.09, 206.99, 19.58, 9.27, 20.2, 307.47, 307.16, 320.89, 211.12, 209.11, 14.17, 110.78999999999999, 320.93, 116.17, 309.81, 118.76]
Time taken to solve the MIP model : 0.0044 seconds
---------------------------------
