Can't find feasible solution

Number of initial container : 10
Number of new container : 13
Total number of containers : 23
Level_num : 9
Container_level : [3, 1, 8, 8, 6, 6, 1, 3, 3, 8, 6, 6, 1, 3, 1, 8, 1, 8, 1, 9, 6, 6, 8]
ideal_configuration : 
 [[6. 6. 8. 0. 0. 0.]
 [3. 6. 8. 8. 0. 0.]
 [1. 3. 6. 8. 9. 0.]
 [1. 1. 3. 6. 8. 0.]
 [1. 1. 1. 3. 6. 8.]]
Centroid : {3: (1.5, 1.5), 1: (0.6666666666666666, 0.6666666666666666), 8: (3.1666666666666665, 2.1666666666666665), 6: (1.8333333333333333, 2.3333333333333335), 9: (4.0, 2.0)}
Repeat number : 17
Original weight : [10.35, 17.53, 12.72, 11.2, 21.38, 7.22, 23.78, 16.78, 17.25, 10.48, 23.53, 13.35, 23.6, 23.75, 8.19, 22.55, 20.6, 9.6, 23.83, 23.29, 17.66, 21.82, 15.54]
Group : [1, 0, 3, 3, 2, 2, 0, 1, 1, 3, 2, 2, 0, 1, 0, 3, 0, 3, 0, 3, 2, 2, 3]
Sequence : [0, 0, 0, 0, 0, 0, 0, 0, 0, 0, 1, 2, 3, 4, 5, 6, 7, 8, 9, 10, 11, 12, 13]
Scroe : [110.35, 17.53, 312.72, 311.2, 221.38, 207.22, 23.78, 116.78, 117.25, 310.48, 223.53, 213.35, 23.6, 123.75, 8.19, 322.55, 20.6, 309.6, 23.83, 323.29, 217.66, 221.82, 315.54]
Time taken to solve the MIP model : 0.0071 seconds
---------------------------------
