Can't find feasible solution

Number of initial container : 5
Number of new container : 18
Total number of containers : 23
Level_num : 9
Container_level : [8, 8, 3, 6, 9, 1, 3, 8, 1, 6, 6, 1, 8, 8, 1, 1, 3, 6, 3, 1, 3, 3, 3]
ideal_configuration : 
 [[3. 6. 8. 0. 0. 0.]
 [3. 3. 6. 8. 0. 0.]
 [1. 3. 3. 8. 9. 0.]
 [1. 1. 3. 6. 8. 0.]
 [1. 1. 1. 3. 6. 8.]]
Centroid : {8: (3.4, 2.0), 3: (1.2857142857142858, 2.142857142857143), 6: (2.5, 2.0), 9: (4.0, 2.0), 1: (0.6666666666666666, 0.6666666666666666)}
Repeat number : 30
Original weight : [10.73, 7.31, 12.04, 10.24, 23.57, 7.02, 5.57, 23.43, 8.81, 6.34, 14.11, 7.5, 6.01, 16.0, 9.31, 6.49, 17.7, 11.48, 19.08, 5.07, 7.56, 20.31, 21.5]
Group : [3, 3, 1, 2, 3, 0, 1, 3, 0, 2, 2, 0, 3, 3, 0, 0, 1, 2, 1, 0, 1, 1, 1]
Sequence : [0, 0, 0, 0, 0, 1, 2, 3, 4, 5, 6, 7, 8, 9, 10, 11, 12, 13, 14, 15, 16, 17, 18]
Scroe : [310.73, 307.31, 112.03999999999999, 210.24, 323.57, 7.02, 105.57, 323.43, 8.81, 206.34, 214.11, 7.5, 306.01, 316.0, 9.31, 6.49, 117.7, 211.48, 119.08, 5.07, 107.56, 120.31, 121.5]
Time taken to solve the MIP model : 0.0156 seconds
---------------------------------
