Can't find feasible solution

Number of initial container : 5
Number of new container : 18
Total number of containers : 23
Level_num : 9
Container_level : [8, 1, 8, 8, 9, 6, 8, 6, 3, 3, 1, 6, 8, 1, 8, 1, 1, 1, 8, 3, 3, 1, 8]
ideal_configuration : 
 [[3. 8. 8. 0. 0. 0.]
 [1. 6. 8. 8. 0. 0.]
 [1. 3. 6. 8. 9. 0.]
 [1. 1. 3. 6. 8. 0.]
 [1. 1. 1. 3. 8. 8.]]
Centroid : {8: (3.0, 2.125), 1: (0.5714285714285714, 1.0), 9: (4.0, 2.0), 6: (2.0, 2.0), 3: (1.5, 1.75)}
Repeat number : 6
Original weight : [17.52, 22.38, 16.52, 5.95, 19.14, 9.67, 15.99, 8.62, 17.05, 18.74, 13.34, 6.63, 18.06, 20.21, 6.65, 11.23, 22.88, 23.51, 5.6, 13.96, 21.13, 7.89, 9.52]
Group : [3, 0, 3, 3, 3, 2, 3, 2, 1, 1, 0, 2, 3, 0, 3, 0, 0, 0, 3, 1, 1, 0, 3]
Sequence : [0, 0, 0, 0, 0, 1, 2, 3, 4, 5, 6, 7, 8, 9, 10, 11, 12, 13, 14, 15, 16, 17, 18]
Scroe : [317.52, 22.38, 316.52, 305.95, 319.14, 209.67, 315.99, 208.62, 117.05, 118.74, 13.34, 206.63, 318.06, 20.21, 306.65, 11.23, 22.88, 23.51, 305.6, 113.96000000000001, 121.13, 7.89, 309.52]
Time taken to solve the MIP model : 0.0572 seconds
---------------------------------
