Can't find feasible solution

Number of initial container : 5
Number of new container : 18
Total number of containers : 23
Level_num : 9
Container_level : [8, 1, 3, 8, 1, 9, 6, 1, 6, 8, 3, 3, 1, 6, 8, 1, 6, 3, 6, 1, 8, 8, 6]
ideal_configuration : 
 [[6. 6. 8. 0. 0. 0.]
 [3. 6. 8. 8. 0. 0.]
 [1. 3. 6. 8. 9. 0.]
 [1. 1. 3. 6. 8. 0.]
 [1. 1. 1. 3. 6. 8.]]
Centroid : {8: (3.1666666666666665, 2.1666666666666665), 1: (0.6666666666666666, 0.6666666666666666), 3: (1.5, 1.5), 9: (4.0, 2.0), 6: (1.8333333333333333, 2.3333333333333335)}
Repeat number : 27
Original weight : [15.16, 19.38, 16.35, 16.29, 11.93, 19.17, 16.32, 16.23, 19.26, 10.11, 20.55, 12.73, 7.99, 19.84, 6.49, 19.65, 12.74, 22.65, 8.17, 8.04, 9.03, 12.35, 20.52]
Group : [3, 0, 1, 3, 0, 3, 2, 0, 2, 3, 1, 1, 0, 2, 3, 0, 2, 1, 2, 0, 3, 3, 2]
Sequence : [0, 0, 0, 0, 0, 1, 2, 3, 4, 5, 6, 7, 8, 9, 10, 11, 12, 13, 14, 15, 16, 17, 18]
Scroe : [315.16, 19.38, 116.35, 316.29, 11.93, 319.17, 216.32, 16.23, 219.26, 310.11, 120.55, 112.73, 7.99, 219.84, 306.49, 19.65, 212.74, 122.65, 208.17, 8.04, 309.03, 312.35, 220.52]
Time taken to solve the MIP model : 0.0000 seconds
---------------------------------
