Can't find feasible solution

Number of initial container : 5
Number of new container : 18
Total number of containers : 23
Level_num : 9
Container_level : [8, 8, 1, 6, 1, 1, 3, 8, 9, 6, 8, 1, 8, 1, 1, 8, 3, 8, 3, 6, 1, 1, 1]
ideal_configuration : 
 [[3. 8. 8. 0. 0. 0.]
 [1. 3. 8. 8. 0. 0.]
 [1. 1. 6. 8. 9. 0.]
 [1. 1. 1. 6. 8. 0.]
 [1. 1. 1. 3. 6. 8.]]
Centroid : {8: (2.857142857142857, 2.4285714285714284), 1: (0.7777777777777778, 1.1111111111111112), 6: (3.0, 1.0), 3: (1.3333333333333333, 2.3333333333333335), 9: (4.0, 2.0)}
Repeat number : 10
Original weight : [6.9, 7.95, 21.97, 10.56, 21.97, 11.39, 6.73, 16.89, 18.87, 22.84, 13.93, 23.45, 5.05, 19.86, 13.76, 18.82, 16.01, 13.88, 5.37, 12.92, 5.34, 18.95, 15.78]
Group : [3, 3, 0, 2, 0, 0, 1, 3, 3, 2, 3, 0, 3, 0, 0, 3, 1, 3, 1, 2, 0, 0, 0]
Sequence : [0, 0, 0, 0, 0, 1, 2, 3, 4, 5, 6, 7, 8, 9, 10, 11, 12, 13, 14, 15, 16, 17, 18]
Scroe : [306.9, 307.95, 21.97, 210.56, 21.97, 11.39, 106.73, 316.89, 318.87, 222.84, 313.93, 23.45, 305.05, 19.86, 13.76, 318.82, 116.01, 313.88, 105.37, 212.92, 5.34, 18.95, 15.78]
Time taken to solve the MIP model : 0.0080 seconds
---------------------------------
