Can't find feasible solution

Number of initial container : 5
Number of new container : 18
Total number of containers : 23
Level_num : 9
Container_level : [3, 1, 1, 3, 3, 8, 8, 8, 1, 6, 6, 6, 1, 8, 6, 9, 1, 1, 1, 8, 1, 3, 6]
ideal_configuration : 
 [[3. 6. 8. 0. 0. 0.]
 [1. 3. 6. 8. 0. 0.]
 [1. 1. 6. 8. 9. 0.]
 [1. 1. 3. 6. 8. 0.]
 [1. 1. 1. 3. 6. 8.]]
Centroid : {3: (1.5, 2.0), 1: (0.625, 1.125), 8: (3.4, 2.0), 6: (2.4, 2.0), 9: (4.0, 2.0)}
Repeat number : 19
Original weight : [17.74, 6.74, 23.3, 22.63, 9.86, 10.07, 5.94, 10.58, 19.21, 17.47, 10.64, 11.52, 14.7, 17.62, 18.97, 20.78, 7.13, 21.99, 7.07, 12.67, 9.37, 14.55, 20.21]
Group : [1, 0, 0, 1, 1, 3, 3, 3, 0, 2, 2, 2, 0, 3, 2, 3, 0, 0, 0, 3, 0, 1, 2]
Sequence : [0, 0, 0, 0, 0, 1, 2, 3, 4, 5, 6, 7, 8, 9, 10, 11, 12, 13, 14, 15, 16, 17, 18]
Scroe : [117.74, 6.74, 23.3, 122.63, 109.86, 310.07, 305.94, 310.58, 19.21, 217.47, 210.64, 211.52, 14.7, 317.62, 218.97, 320.78, 7.13, 21.99, 7.07, 312.67, 9.37, 114.55, 220.21]
Time taken to solve the MIP model : 0.0180 seconds
---------------------------------
