Can't find feasible solution

Number of initial container : 5
Number of new container : 18
Total number of containers : 23
Level_num : 9
Container_level : [8, 3, 3, 8, 1, 6, 8, 6, 6, 1, 6, 1, 6, 3, 8, 1, 3, 8, 9, 1, 1, 1, 8]
ideal_configuration : 
 [[3. 6. 8. 0. 0. 0.]
 [1. 6. 8. 8. 0. 0.]
 [1. 3. 6. 8. 9. 0.]
 [1. 1. 3. 6. 8. 0.]
 [1. 1. 1. 3. 6. 8.]]
Centroid : {8: (3.1666666666666665, 2.1666666666666665), 3: (1.5, 1.75), 1: (0.5714285714285714, 1.0), 6: (2.2, 2.0), 9: (4.0, 2.0)}
Repeat number : 13
Original weight : [9.32, 8.45, 13.25, 14.11, 11.49, 16.88, 12.6, 12.8, 12.25, 16.37, 22.58, 15.47, 6.94, 21.28, 14.2, 19.36, 17.48, 12.62, 22.81, 5.97, 21.99, 17.61, 17.38]
Group : [3, 1, 1, 3, 0, 2, 3, 2, 2, 0, 2, 0, 2, 1, 3, 0, 1, 3, 3, 0, 0, 0, 3]
Sequence : [0, 0, 0, 0, 0, 1, 2, 3, 4, 5, 6, 7, 8, 9, 10, 11, 12, 13, 14, 15, 16, 17, 18]
Scroe : [309.32, 108.45, 113.25, 314.11, 11.49, 216.88, 312.6, 212.8, 212.25, 16.37, 222.57999999999998, 15.47, 206.94, 121.28, 314.2, 19.36, 117.48, 312.62, 322.81, 5.97, 21.99, 17.61, 317.38]
Time taken to solve the MIP model : 0.0080 seconds
---------------------------------
