Can't find feasible solution

Number of initial container : 7
Number of new container : 16
Total number of containers : 23
Level_num : 9
Container_level : [8, 1, 1, 6, 6, 8, 6, 4, 3, 1, 8, 6, 9, 1, 1, 1, 1, 6, 6, 1, 8, 3, 1]
ideal_configuration : 
 [[3. 6. 8. 0. 0. 0.]
 [1. 4. 6. 8. 0. 0.]
 [1. 1. 6. 6. 9. 0.]
 [1. 1. 1. 6. 8. 0.]
 [1. 1. 1. 3. 6. 8.]]
Centroid : {8: (3.5, 2.0), 1: (0.7777777777777778, 1.1111111111111112), 6: (2.5, 2.0), 4: (1.0, 3.0), 3: (1.5, 2.0), 9: (4.0, 2.0)}
Repeat number : 13
Original weight : [8.67, 12.17, 11.08, 20.65, 9.48, 6.24, 18.7, 23.6, 10.82, 14.26, 12.42, 23.32, 14.65, 5.26, 19.76, 6.15, 9.69, 23.28, 15.73, 20.72, 6.65, 15.17, 14.51]
Group : [3, 0, 0, 2, 2, 3, 2, 1, 1, 0, 3, 2, 3, 0, 0, 0, 0, 2, 2, 0, 3, 1, 0]
Sequence : [0, 0, 0, 0, 0, 0, 0, 1, 2, 3, 4, 5, 6, 7, 8, 9, 10, 11, 12, 13, 14, 15, 16]
Scroe : [308.67, 12.17, 11.08, 220.65, 209.48, 306.24, 218.7, 123.6, 110.82, 14.26, 312.42, 223.32, 314.65, 5.26, 19.76, 6.15, 9.69, 223.28, 215.73, 20.72, 306.65, 115.17, 14.51]
Time taken to solve the MIP model : 0.0000 seconds
---------------------------------
