Can't find feasible solution

Number of initial container : 7
Number of new container : 16
Total number of containers : 23
Level_num : 9
Container_level : [8, 6, 6, 3, 3, 1, 3, 1, 1, 6, 3, 3, 8, 6, 8, 3, 1, 9, 3, 1, 1, 8, 3]
ideal_configuration : 
 [[3. 6. 8. 0. 0. 0.]
 [3. 3. 6. 8. 0. 0.]
 [1. 3. 3. 6. 9. 0.]
 [1. 1. 3. 3. 8. 0.]
 [1. 1. 1. 3. 6. 8.]]
Centroid : {8: (3.5, 2.0), 6: (2.5, 2.25), 3: (1.5, 2.0), 1: (0.6666666666666666, 0.6666666666666666), 9: (4.0, 2.0)}
Repeat number : 11
Original weight : [15.82, 15.15, 23.32, 8.04, 23.57, 15.37, 18.98, 13.48, 10.25, 13.67, 6.62, 12.98, 16.96, 6.28, 17.33, 10.32, 6.82, 20.14, 15.87, 10.17, 13.73, 13.28, 10.62]
Group : [3, 2, 2, 1, 1, 0, 1, 0, 0, 2, 1, 1, 3, 2, 3, 1, 0, 3, 1, 0, 0, 3, 1]
Sequence : [0, 0, 0, 0, 0, 0, 0, 1, 2, 3, 4, 5, 6, 7, 8, 9, 10, 11, 12, 13, 14, 15, 16]
Scroe : [315.82, 215.15, 223.32, 108.03999999999999, 123.57, 15.37, 118.98, 13.48, 10.25, 213.67, 106.62, 112.98, 316.96, 206.28, 317.33, 110.32, 6.82, 320.14, 115.87, 10.17, 13.73, 313.28, 110.62]
Time taken to solve the MIP model : 0.0079 seconds
---------------------------------
