Can't find feasible solution

Number of initial container : 7
Number of new container : 16
Total number of containers : 23
Level_num : 9
Container_level : [1, 6, 3, 1, 8, 8, 6, 8, 9, 6, 1, 1, 1, 1, 3, 6, 1, 6, 3, 1, 8, 3, 6]
ideal_configuration : 
 [[3. 6. 8. 0. 0. 0.]
 [1. 3. 6. 8. 0. 0.]
 [1. 1. 6. 6. 9. 0.]
 [1. 1. 3. 6. 8. 0.]
 [1. 1. 1. 3. 6. 8.]]
Centroid : {1: (0.625, 1.125), 6: (2.5, 2.0), 3: (1.5, 2.0), 8: (3.5, 2.0), 9: (4.0, 2.0)}
Repeat number : 3
Original weight : [22.95, 20.42, 14.62, 20.45, 14.98, 16.9, 19.69, 10.61, 19.99, 15.59, 22.46, 10.36, 22.47, 11.96, 18.78, 11.32, 6.72, 8.61, 5.52, 22.77, 18.13, 11.17, 5.09]
Group : [0, 2, 1, 0, 3, 3, 2, 3, 3, 2, 0, 0, 0, 0, 1, 2, 0, 2, 1, 0, 3, 1, 2]
Sequence : [0, 0, 0, 0, 0, 0, 0, 1, 2, 3, 4, 5, 6, 7, 8, 9, 10, 11, 12, 13, 14, 15, 16]
Scroe : [22.95, 220.42000000000002, 114.62, 20.45, 314.98, 316.9, 219.69, 310.61, 319.99, 215.59, 22.46, 10.36, 22.47, 11.96, 118.78, 211.32, 6.72, 208.61, 105.52, 22.77, 318.13, 111.17, 205.09]
Time taken to solve the MIP model : 0.0000 seconds
---------------------------------
