Can't find feasible solution

Number of initial container : 7
Number of new container : 16
Total number of containers : 23
Level_num : 9
Container_level : [8, 8, 3, 6, 3, 8, 9, 8, 1, 3, 5, 8, 3, 6, 5, 8, 1, 3, 8, 3, 6, 3, 3]
ideal_configuration : 
 [[5. 8. 8. 0. 0. 0.]
 [3. 5. 8. 8. 0. 0.]
 [3. 3. 6. 8. 9. 0.]
 [1. 3. 3. 6. 8. 0.]
 [1. 3. 3. 3. 6. 8.]]
Centroid : {8: (2.857142857142857, 2.4285714285714284), 3: (1.25, 1.125), 6: (3.0, 1.0), 9: (4.0, 2.0), 1: (0.0, 0.5), 5: (0.5, 3.5)}
Repeat number : 8
Original weight : [13.8, 15.07, 15.12, 20.53, 16.15, 19.06, 23.34, 10.12, 22.84, 20.94, 6.27, 10.03, 6.28, 16.07, 5.55, 21.77, 12.97, 14.89, 21.13, 13.96, 13.36, 17.66, 14.5]
Group : [3, 3, 1, 2, 1, 3, 3, 3, 0, 1, 2, 3, 1, 2, 2, 3, 0, 1, 3, 1, 2, 1, 1]
Sequence : [0, 0, 0, 0, 0, 0, 0, 1, 2, 3, 4, 5, 6, 7, 8, 9, 10, 11, 12, 13, 14, 15, 16]
Scroe : [313.8, 315.07, 115.12, 220.53, 116.15, 319.06, 323.34, 310.12, 22.84, 120.94, 206.27, 310.03, 106.28, 216.07, 205.55, 321.77, 12.97, 114.89, 321.13, 113.96000000000001, 213.36, 117.66, 114.5]
Time taken to solve the MIP model : 0.0085 seconds
---------------------------------
