Can't find feasible solution

Number of initial container : 7
Number of new container : 16
Total number of containers : 23
Level_num : 9
Container_level : [6, 8, 1, 1, 8, 3, 3, 6, 3, 1, 6, 6, 3, 1, 6, 3, 6, 8, 9, 1, 6, 3, 3]
ideal_configuration : 
 [[3. 6. 8. 0. 0. 0.]
 [3. 3. 6. 8. 0. 0.]
 [1. 3. 6. 6. 9. 0.]
 [1. 1. 3. 6. 6. 0.]
 [1. 1. 3. 3. 6. 8.]]
Centroid : {6: (2.7142857142857144, 1.8571428571428572), 8: (3.3333333333333335, 2.3333333333333335), 1: (0.4, 0.8), 3: (1.2857142857142858, 1.8571428571428572), 9: (4.0, 2.0)}
Repeat number : 18
Original weight : [10.57, 9.09, 17.17, 15.32, 9.45, 16.81, 12.17, 11.01, 14.77, 15.18, 20.49, 8.16, 13.1, 13.69, 22.74, 6.01, 8.05, 5.54, 20.36, 13.7, 19.7, 22.94, 9.19]
Group : [2, 3, 0, 0, 3, 1, 1, 2, 1, 0, 2, 2, 1, 0, 2, 1, 2, 3, 3, 0, 2, 1, 1]
Sequence : [0, 0, 0, 0, 0, 0, 0, 1, 2, 3, 4, 5, 6, 7, 8, 9, 10, 11, 12, 13, 14, 15, 16]
Scroe : [210.57, 309.09, 17.17, 15.32, 309.45, 116.81, 112.17, 211.01, 114.77, 15.18, 220.49, 208.16, 113.1, 13.69, 222.74, 106.01, 208.05, 305.54, 320.36, 13.7, 219.7, 122.94, 109.19]
Time taken to solve the MIP model : 0.0154 seconds
---------------------------------
