Can't find feasible solution

Number of initial container : 7
Number of new container : 16
Total number of containers : 23
Level_num : 9
Container_level : [8, 6, 3, 8, 3, 3, 1, 6, 3, 8, 3, 6, 8, 6, 8, 6, 3, 9, 1, 3, 1, 8, 8]
ideal_configuration : 
 [[6. 8. 8. 0. 0. 0.]
 [3. 6. 8. 8. 0. 0.]
 [3. 3. 6. 8. 9. 0.]
 [1. 3. 3. 6. 8. 0.]
 [1. 1. 3. 3. 6. 8.]]
Centroid : {8: (2.857142857142857, 2.4285714285714284), 6: (2.0, 2.0), 3: (1.2857142857142858, 1.2857142857142858), 1: (0.3333333333333333, 0.3333333333333333), 9: (4.0, 2.0)}
Repeat number : 17
Original weight : [9.57, 22.82, 8.16, 16.38, 19.12, 9.26, 14.39, 5.92, 14.38, 11.3, 21.29, 23.98, 12.06, 18.26, 10.48, 20.7, 5.2, 22.07, 18.29, 21.75, 7.4, 5.75, 10.21]
Group : [3, 2, 1, 3, 1, 1, 0, 2, 1, 3, 1, 2, 3, 2, 3, 2, 1, 3, 0, 1, 0, 3, 3]
Sequence : [0, 0, 0, 0, 0, 0, 0, 1, 2, 3, 4, 5, 6, 7, 8, 9, 10, 11, 12, 13, 14, 15, 16]
Scroe : [309.57, 222.82, 108.16, 316.38, 119.12, 109.26, 14.39, 205.92, 114.38, 311.3, 121.28999999999999, 223.98, 312.06, 218.26, 310.48, 220.7, 105.2, 322.07, 18.29, 121.75, 7.4, 305.75, 310.21]
Time taken to solve the MIP model : 0.0000 seconds
---------------------------------
