Can't find feasible solution

Number of initial container : 7
Number of new container : 16
Total number of containers : 23
Level_num : 9
Container_level : [3, 3, 3, 8, 6, 1, 1, 6, 1, 3, 3, 1, 3, 9, 3, 1, 3, 1, 1, 6, 3, 8, 8]
ideal_configuration : 
 [[3. 3. 8. 0. 0. 0.]
 [1. 3. 6. 8. 0. 0.]
 [1. 3. 3. 6. 9. 0.]
 [1. 1. 3. 3. 6. 0.]
 [1. 1. 1. 3. 3. 8.]]
Centroid : {3: (1.8888888888888888, 1.8888888888888888), 8: (3.3333333333333335, 2.3333333333333335), 6: (3.0, 2.0), 1: (0.5714285714285714, 1.0), 9: (4.0, 2.0)}
Repeat number : 19
Original weight : [18.08, 5.62, 13.21, 19.59, 12.53, 14.21, 8.7, 17.13, 6.2, 20.94, 17.84, 16.9, 18.82, 22.84, 6.85, 10.63, 13.33, 15.49, 20.17, 6.83, 12.65, 5.08, 10.13]
Group : [1, 1, 1, 3, 2, 0, 0, 2, 0, 1, 1, 0, 1, 3, 1, 0, 1, 0, 0, 2, 1, 3, 3]
Sequence : [0, 0, 0, 0, 0, 0, 0, 1, 2, 3, 4, 5, 6, 7, 8, 9, 10, 11, 12, 13, 14, 15, 16]
Scroe : [118.08, 105.62, 113.21000000000001, 319.59, 212.53, 14.21, 8.7, 217.13, 6.2, 120.94, 117.84, 16.9, 118.82, 322.84, 106.85, 10.63, 113.33, 15.49, 20.17, 206.83, 112.65, 305.08, 310.13]
Time taken to solve the MIP model : 0.0149 seconds
---------------------------------
