Can't find feasible solution

Number of initial container : 7
Number of new container : 16
Total number of containers : 23
Level_num : 9
Container_level : [6, 1, 3, 6, 3, 6, 3, 3, 6, 4, 1, 6, 6, 1, 9, 1, 4, 1, 3, 3, 3, 1, 3]
ideal_configuration : 
 [[3. 4. 6. 0. 0. 0.]
 [3. 3. 6. 6. 0. 0.]
 [1. 3. 3. 6. 9. 0.]
 [1. 1. 3. 3. 6. 0.]
 [1. 1. 1. 3. 4. 6.]]
Centroid : {6: (3.1666666666666665, 2.1666666666666665), 1: (0.6666666666666666, 0.6666666666666666), 3: (1.5, 2.0), 4: (2.5, 2.0), 9: (4.0, 2.0)}
Repeat number : 9
Original weight : [11.49, 19.67, 6.75, 9.19, 8.75, 13.46, 8.81, 16.28, 12.17, 22.53, 14.25, 15.33, 5.25, 20.41, 8.33, 15.85, 23.03, 21.87, 9.07, 11.92, 18.46, 9.86, 16.13]
Group : [2, 0, 1, 2, 1, 2, 1, 1, 2, 1, 0, 2, 2, 0, 3, 0, 1, 0, 1, 1, 1, 0, 1]
Sequence : [0, 0, 0, 0, 0, 0, 0, 1, 2, 3, 4, 5, 6, 7, 8, 9, 10, 11, 12, 13, 14, 15, 16]
Scroe : [211.49, 19.67, 106.75, 209.19, 108.75, 213.46, 108.81, 116.28, 212.17, 122.53, 14.25, 215.33, 205.25, 20.41, 308.33, 15.85, 123.03, 21.87, 109.07, 111.92, 118.46000000000001, 9.86, 116.13]
Time taken to solve the MIP model : 0.0070 seconds
---------------------------------
