Can't find feasible solution

Number of initial container : 15
Number of new container : 8
Total number of containers : 23
Level_num : 9
Container_level : [3, 8, 6, 1, 1, 3, 3, 3, 3, 6, 3, 6, 3, 8, 8, 3, 8, 8, 9, 3, 6, 8, 3]
ideal_configuration : 
 [[3. 6. 8. 0. 0. 0.]
 [3. 3. 8. 8. 0. 0.]
 [3. 3. 6. 8. 9. 0.]
 [1. 3. 3. 6. 8. 0.]
 [1. 3. 3. 3. 6. 8.]]
Centroid : {3: (1.1, 1.6), 8: (3.1666666666666665, 2.1666666666666665), 6: (2.5, 1.75), 1: (0.0, 0.5), 9: (4.0, 2.0)}
Repeat number : 9
Original weight : [12.93, 10.21, 7.93, 14.93, 8.96, 5.83, 5.55, 10.56, 15.08, 13.88, 20.2, 18.09, 6.64, 10.36, 7.59, 12.79, 10.03, 8.58, 22.33, 14.8, 7.72, 14.69, 16.07]
Group : [1, 3, 2, 0, 0, 1, 1, 1, 1, 2, 1, 2, 1, 3, 3, 1, 3, 3, 3, 1, 2, 3, 1]
Sequence : [0, 0, 0, 0, 0, 0, 0, 0, 0, 0, 0, 0, 0, 0, 0, 1, 2, 3, 4, 5, 6, 7, 8]
Scroe : [112.93, 310.21, 207.93, 14.93, 8.96, 105.83, 105.55, 110.56, 115.08, 213.88, 120.2, 218.09, 106.64, 310.36, 307.59, 112.78999999999999, 310.03, 308.58, 322.33, 114.8, 207.72, 314.69, 116.07]
Time taken to solve the MIP model : 0.0000 seconds
---------------------------------
