Can't find feasible solution

Number of initial container : 15
Number of new container : 8
Total number of containers : 23
Level_num : 9
Container_level : [6, 9, 3, 6, 3, 3, 8, 3, 1, 6, 3, 1, 8, 1, 1, 1, 1, 8, 8, 1, 3, 8, 8]
ideal_configuration : 
 [[3. 6. 8. 0. 0. 0.]
 [1. 3. 8. 8. 0. 0.]
 [1. 3. 3. 8. 9. 0.]
 [1. 1. 3. 6. 8. 0.]
 [1. 1. 1. 3. 6. 8.]]
Centroid : {6: (2.6666666666666665, 1.6666666666666667), 9: (4.0, 2.0), 3: (1.5, 2.0), 8: (3.1666666666666665, 2.1666666666666665), 1: (0.5714285714285714, 1.0)}
Repeat number : 5
Original weight : [9.67, 23.99, 9.13, 22.3, 19.67, 6.97, 10.33, 7.51, 8.59, 15.1, 9.46, 7.68, 6.61, 18.46, 16.83, 13.48, 14.91, 17.62, 21.1, 12.92, 16.31, 18.81, 19.25]
Group : [2, 3, 1, 2, 1, 1, 3, 1, 0, 2, 1, 0, 3, 0, 0, 0, 0, 3, 3, 0, 1, 3, 3]
Sequence : [0, 0, 0, 0, 0, 0, 0, 0, 0, 0, 0, 0, 0, 0, 0, 1, 2, 3, 4, 5, 6, 7, 8]
Scroe : [209.67, 323.99, 109.13, 222.3, 119.67, 106.97, 310.33, 107.51, 8.59, 215.1, 109.46000000000001, 7.68, 306.61, 18.46, 16.83, 13.48, 14.91, 317.62, 321.1, 12.92, 116.31, 318.81, 319.25]
Time taken to solve the MIP model : 0.0000 seconds
---------------------------------
