Can't find feasible solution

Number of initial container : 15
Number of new container : 8
Total number of containers : 23
Level_num : 9
Container_level : [1, 6, 3, 3, 3, 3, 9, 3, 1, 3, 6, 1, 6, 1, 3, 1, 8, 1, 6, 6, 6, 1, 1]
ideal_configuration : 
 [[3. 6. 6. 0. 0. 0.]
 [1. 3. 6. 8. 0. 0.]
 [1. 1. 3. 6. 9. 0.]
 [1. 1. 3. 3. 6. 0.]
 [1. 1. 1. 3. 3. 6.]]
Centroid : {1: (0.625, 1.125), 6: (2.8333333333333335, 2.3333333333333335), 3: (2.142857142857143, 1.5714285714285714), 9: (4.0, 2.0), 8: (3.0, 3.0)}
Repeat number : 1
Original weight : [12.97, 19.64, 14.65, 19.37, 23.63, 16.58, 21.63, 7.93, 10.46, 12.77, 12.73, 14.6, 15.11, 21.14, 18.29, 19.21, 8.4, 20.03, 24.0, 11.35, 8.31, 9.6, 19.87]
Group : [0, 2, 1, 1, 1, 1, 3, 1, 0, 1, 2, 0, 2, 0, 1, 0, 3, 0, 2, 2, 2, 0, 0]
Sequence : [0, 0, 0, 0, 0, 0, 0, 0, 0, 0, 0, 0, 0, 0, 0, 1, 2, 3, 4, 5, 6, 7, 8]
Scroe : [12.97, 219.64, 114.65, 119.37, 123.63, 116.58, 321.63, 107.93, 10.46, 112.77, 212.73, 14.6, 215.11, 21.14, 118.28999999999999, 19.21, 308.4, 20.03, 224.0, 211.35, 208.31, 9.6, 19.87]
Time taken to solve the MIP model : 0.0000 seconds
---------------------------------
