Can't find feasible solution

Number of initial container : 15
Number of new container : 8
Total number of containers : 23
Level_num : 9
Container_level : [3, 1, 1, 9, 3, 8, 8, 8, 6, 8, 3, 8, 8, 6, 6, 1, 8, 3, 8, 6, 1, 8, 3]
ideal_configuration : 
 [[6. 8. 8. 0. 0. 0.]
 [3. 6. 8. 8. 0. 0.]
 [1. 3. 6. 8. 9. 0.]
 [1. 3. 3. 8. 8. 0.]
 [1. 1. 3. 6. 8. 8.]]
Centroid : {3: (1.2, 1.4), 1: (0.25, 0.75), 9: (4.0, 2.0), 8: (3.0, 2.0), 6: (1.5, 2.25)}
Repeat number : 29
Original weight : [6.13, 15.17, 20.45, 19.04, 19.78, 11.63, 11.66, 10.15, 22.74, 17.68, 22.35, 17.99, 6.62, 18.6, 10.68, 20.41, 6.83, 16.0, 8.11, 9.35, 13.03, 11.68, 5.5]
Group : [1, 0, 0, 3, 1, 3, 3, 3, 2, 3, 1, 3, 3, 2, 2, 0, 3, 1, 3, 2, 0, 3, 1]
Sequence : [0, 0, 0, 0, 0, 0, 0, 0, 0, 0, 0, 0, 0, 0, 0, 1, 2, 3, 4, 5, 6, 7, 8]
Scroe : [106.13, 15.17, 20.45, 319.04, 119.78, 311.63, 311.66, 310.15, 222.74, 317.68, 122.35, 317.99, 306.62, 218.6, 210.68, 20.41, 306.83, 116.0, 308.11, 209.35, 13.03, 311.68, 105.5]
Time taken to solve the MIP model : 0.0000 seconds
---------------------------------
