Can't find feasible solution

Number of initial container : 15
Number of new container : 8
Total number of containers : 23
Level_num : 9
Container_level : [6, 3, 8, 3, 3, 1, 9, 6, 1, 1, 8, 1, 6, 8, 6, 8, 1, 6, 8, 6, 1, 8, 3]
ideal_configuration : 
 [[6. 6. 8. 0. 0. 0.]
 [3. 6. 8. 8. 0. 0.]
 [1. 3. 6. 8. 9. 0.]
 [1. 1. 3. 6. 8. 0.]
 [1. 1. 1. 3. 6. 8.]]
Centroid : {6: (1.8333333333333333, 2.3333333333333335), 3: (1.5, 1.5), 8: (3.1666666666666665, 2.1666666666666665), 1: (0.6666666666666666, 0.6666666666666666), 9: (4.0, 2.0)}
Repeat number : 21
Original weight : [11.22, 12.93, 8.1, 10.31, 16.94, 22.04, 23.65, 16.3, 21.47, 20.56, 9.72, 6.87, 8.89, 23.06, 6.11, 7.63, 10.0, 11.56, 20.05, 5.64, 18.7, 16.17, 17.9]
Group : [2, 1, 3, 1, 1, 0, 3, 2, 0, 0, 3, 0, 2, 3, 2, 3, 0, 2, 3, 2, 0, 3, 1]
Sequence : [0, 0, 0, 0, 0, 0, 0, 0, 0, 0, 0, 0, 0, 0, 0, 1, 2, 3, 4, 5, 6, 7, 8]
Scroe : [211.22, 112.93, 308.1, 110.31, 116.94, 22.04, 323.65, 216.3, 21.47, 20.56, 309.72, 6.87, 208.89, 323.06, 206.11, 307.63, 10.0, 211.56, 320.05, 205.64, 18.7, 316.17, 117.9]
Time taken to solve the MIP model : 0.0000 seconds
---------------------------------
