Can't find feasible solution

Number of initial container : 15
Number of new container : 8
Total number of containers : 23
Level_num : 9
Container_level : [1, 8, 1, 3, 3, 3, 6, 9, 3, 6, 6, 3, 6, 8, 8, 3, 3, 1, 3, 8, 3, 6, 8]
ideal_configuration : 
 [[3. 6. 8. 0. 0. 0.]
 [3. 3. 6. 8. 0. 0.]
 [3. 3. 6. 8. 9. 0.]
 [1. 3. 3. 6. 8. 0.]
 [1. 1. 3. 3. 6. 8.]]
Centroid : {1: (0.3333333333333333, 0.3333333333333333), 8: (3.4, 2.0), 3: (1.1111111111111112, 1.7777777777777777), 6: (2.4, 2.0), 9: (4.0, 2.0)}
Repeat number : 22
Original weight : [5.23, 20.63, 20.34, 18.69, 22.7, 8.95, 13.63, 21.95, 14.49, 9.72, 19.87, 8.46, 6.3, 13.71, 15.35, 22.0, 7.9, 19.37, 14.61, 15.88, 7.23, 10.88, 7.06]
Group : [0, 3, 0, 1, 1, 1, 2, 3, 1, 2, 2, 1, 2, 3, 3, 1, 1, 0, 1, 3, 1, 2, 3]
Sequence : [0, 0, 0, 0, 0, 0, 0, 0, 0, 0, 0, 0, 0, 0, 0, 1, 2, 3, 4, 5, 6, 7, 8]
Scroe : [5.23, 320.63, 20.34, 118.69, 122.7, 108.95, 213.63, 321.95, 114.49, 209.72, 219.87, 108.46000000000001, 206.3, 313.71, 315.35, 122.0, 107.9, 19.37, 114.61, 315.88, 107.23, 210.88, 307.06]
Time taken to solve the MIP model : 0.0000 seconds
---------------------------------
