Can't find feasible solution

Number of initial container : 15
Number of new container : 8
Total number of containers : 23
Level_num : 9
Container_level : [1, 8, 1, 8, 8, 1, 6, 6, 6, 1, 3, 3, 1, 6, 9, 3, 8, 6, 3, 3, 8, 3, 1]
ideal_configuration : 
 [[3. 6. 8. 0. 0. 0.]
 [3. 3. 6. 8. 0. 0.]
 [1. 3. 6. 8. 9. 0.]
 [1. 1. 3. 6. 8. 0.]
 [1. 1. 1. 3. 6. 8.]]
Centroid : {1: (0.6666666666666666, 0.6666666666666666), 8: (3.4, 2.0), 6: (2.4, 2.0), 3: (1.1666666666666667, 2.1666666666666665), 9: (4.0, 2.0)}
Repeat number : 19
Original weight : [22.37, 16.99, 21.41, 9.17, 10.36, 13.74, 6.46, 11.02, 14.58, 15.23, 6.3, 9.6, 11.87, 9.92, 20.27, 7.95, 9.1, 23.7, 18.0, 8.2, 14.85, 19.34, 23.09]
Group : [0, 3, 0, 3, 3, 0, 2, 2, 2, 0, 1, 1, 0, 2, 3, 1, 3, 2, 1, 1, 3, 1, 0]
Sequence : [0, 0, 0, 0, 0, 0, 0, 0, 0, 0, 0, 0, 0, 0, 0, 1, 2, 3, 4, 5, 6, 7, 8]
Scroe : [22.37, 316.99, 21.41, 309.17, 310.36, 13.74, 206.46, 211.02, 214.58, 15.23, 106.3, 109.6, 11.87, 209.92, 320.27, 107.95, 309.1, 223.7, 118.0, 108.2, 314.85, 119.34, 23.09]
Time taken to solve the MIP model : 0.0000 seconds
---------------------------------
