Can't find feasible solution

Number of initial container : 15
Number of new container : 8
Total number of containers : 23
Level_num : 9
Container_level : [3, 3, 9, 8, 1, 8, 6, 3, 6, 6, 1, 1, 6, 1, 3, 8, 8, 1, 1, 3, 6, 6, 3]
ideal_configuration : 
 [[3. 6. 8. 0. 0. 0.]
 [3. 3. 6. 8. 0. 0.]
 [1. 3. 6. 6. 9. 0.]
 [1. 1. 3. 6. 8. 0.]
 [1. 1. 1. 3. 6. 8.]]
Centroid : {3: (1.1666666666666667, 2.1666666666666665), 9: (4.0, 2.0), 8: (3.5, 2.0), 1: (0.6666666666666666, 0.6666666666666666), 6: (2.5, 2.0)}
Repeat number : 3
Original weight : [22.66, 6.66, 22.59, 20.23, 10.79, 17.89, 16.9, 5.29, 11.91, 5.28, 12.27, 10.04, 22.73, 17.66, 22.24, 8.39, 19.27, 7.64, 6.35, 10.85, 15.41, 18.33, 20.6]
Group : [1, 1, 3, 3, 0, 3, 2, 1, 2, 2, 0, 0, 2, 0, 1, 3, 3, 0, 0, 1, 2, 2, 1]
Sequence : [0, 0, 0, 0, 0, 0, 0, 0, 0, 0, 0, 0, 0, 0, 0, 1, 2, 3, 4, 5, 6, 7, 8]
Scroe : [122.66, 106.66, 322.59, 320.23, 10.79, 317.89, 216.9, 105.29, 211.91, 205.28, 12.27, 10.04, 222.73, 17.66, 122.24, 308.39, 319.27, 7.64, 6.35, 110.85, 215.41, 218.32999999999998, 120.6]
Time taken to solve the MIP model : 0.0000 seconds
---------------------------------
