Can't find feasible solution

Number of initial container : 15
Number of new container : 8
Total number of containers : 23
Level_num : 9
Container_level : [3, 1, 6, 8, 8, 6, 1, 1, 6, 3, 6, 1, 1, 1, 1, 6, 1, 8, 8, 9, 6, 1, 8]
ideal_configuration : 
 [[3. 6. 8. 0. 0. 0.]
 [1. 6. 6. 8. 0. 0.]
 [1. 1. 6. 8. 9. 0.]
 [1. 1. 1. 6. 8. 0.]
 [1. 1. 1. 3. 6. 8.]]
Centroid : {3: (1.5, 2.0), 1: (0.7777777777777778, 1.1111111111111112), 6: (2.1666666666666665, 2.1666666666666665), 8: (3.4, 2.0), 9: (4.0, 2.0)}
Repeat number : 12
Original weight : [16.14, 14.65, 18.64, 19.59, 15.92, 5.08, 13.73, 15.46, 20.26, 15.03, 5.73, 15.11, 21.93, 14.79, 9.06, 6.84, 9.22, 9.98, 17.37, 21.26, 12.46, 7.56, 19.55]
Group : [1, 0, 2, 3, 3, 2, 0, 0, 2, 1, 2, 0, 0, 0, 0, 2, 0, 3, 3, 3, 2, 0, 3]
Sequence : [0, 0, 0, 0, 0, 0, 0, 0, 0, 0, 0, 0, 0, 0, 0, 1, 2, 3, 4, 5, 6, 7, 8]
Scroe : [116.14, 14.65, 218.64, 319.59, 315.92, 205.08, 13.73, 15.46, 220.26, 115.03, 205.73, 15.11, 21.93, 14.79, 9.06, 206.84, 9.22, 309.98, 317.37, 321.26, 212.46, 7.56, 319.55]
Time taken to solve the MIP model : 0.0000 seconds
---------------------------------
