Can't find feasible solution

Number of initial container : 15
Number of new container : 8
Total number of containers : 23
Level_num : 9
Container_level : [6, 6, 8, 1, 9, 1, 3, 3, 6, 3, 6, 8, 6, 8, 1, 3, 1, 1, 6, 3, 3, 8, 8]
ideal_configuration : 
 [[3. 6. 8. 0. 0. 0.]
 [3. 6. 6. 8. 0. 0.]
 [1. 3. 6. 8. 9. 0.]
 [1. 1. 3. 6. 8. 0.]
 [1. 1. 3. 3. 6. 8.]]
Centroid : {6: (2.1666666666666665, 2.1666666666666665), 8: (3.4, 2.0), 1: (0.4, 0.8), 9: (4.0, 2.0), 3: (1.3333333333333333, 1.6666666666666667)}
Repeat number : 14
Original weight : [23.84, 9.0, 21.47, 7.97, 23.06, 16.09, 22.96, 6.9, 11.72, 13.13, 15.76, 7.89, 7.58, 13.78, 6.01, 18.99, 10.73, 13.28, 6.01, 16.34, 18.53, 21.94, 18.58]
Group : [2, 2, 3, 0, 3, 0, 1, 1, 2, 1, 2, 3, 2, 3, 0, 1, 0, 0, 2, 1, 1, 3, 3]
Sequence : [0, 0, 0, 0, 0, 0, 0, 0, 0, 0, 0, 0, 0, 0, 0, 1, 2, 3, 4, 5, 6, 7, 8]
Scroe : [223.84, 209.0, 321.47, 7.97, 323.06, 16.09, 122.96000000000001, 106.9, 211.72, 113.13, 215.76, 307.89, 207.58, 313.78, 6.01, 118.99, 10.73, 13.28, 206.01, 116.34, 118.53, 321.94, 318.58]
Time taken to solve the MIP model : 0.0000 seconds
---------------------------------
