Can't find feasible solution

Number of initial container : 15
Number of new container : 8
Total number of containers : 23
Level_num : 9
Container_level : [6, 9, 3, 8, 8, 6, 1, 6, 8, 8, 6, 6, 1, 6, 1, 6, 1, 8, 3, 1, 3, 1, 6]
ideal_configuration : 
 [[6. 6. 8. 0. 0. 0.]
 [3. 6. 6. 8. 0. 0.]
 [1. 3. 6. 8. 9. 0.]
 [1. 1. 3. 6. 8. 0.]
 [1. 1. 1. 6. 6. 8.]]
Centroid : {6: (2.0, 2.125), 9: (4.0, 2.0), 3: (1.0, 2.0), 8: (3.4, 2.0), 1: (0.6666666666666666, 0.6666666666666666)}
Repeat number : 6
Original weight : [5.45, 22.66, 8.15, 22.34, 15.66, 17.09, 21.76, 9.66, 21.97, 11.57, 15.58, 15.24, 18.49, 17.16, 7.95, 12.15, 21.42, 6.58, 18.09, 23.41, 8.39, 15.56, 12.48]
Group : [2, 3, 1, 3, 3, 2, 0, 2, 3, 3, 2, 2, 0, 2, 0, 2, 0, 3, 1, 0, 1, 0, 2]
Sequence : [0, 0, 0, 0, 0, 0, 0, 0, 0, 0, 0, 0, 0, 0, 0, 1, 2, 3, 4, 5, 6, 7, 8]
Scroe : [205.45, 322.66, 108.15, 322.34, 315.66, 217.09, 21.76, 209.66, 321.97, 311.57, 215.58, 215.24, 18.49, 217.16, 7.95, 212.15, 21.42, 306.58, 118.09, 23.41, 108.39, 15.56, 212.48]
Time taken to solve the MIP model : 0.0000 seconds
---------------------------------
