Can't find feasible solution

Number of initial container : 15
Number of new container : 8
Total number of containers : 23
Level_num : 9
Container_level : [3, 3, 1, 6, 1, 3, 1, 1, 3, 6, 6, 9, 1, 6, 1, 6, 3, 8, 3, 1, 6, 8, 3]
ideal_configuration : 
 [[3. 6. 8. 0. 0. 0.]
 [1. 3. 6. 8. 0. 0.]
 [1. 3. 3. 6. 9. 0.]
 [1. 1. 3. 3. 6. 0.]
 [1. 1. 1. 3. 6. 6.]]
Centroid : {3: (1.7142857142857142, 1.8571428571428572), 1: (0.5714285714285714, 1.0), 6: (3.1666666666666665, 1.6666666666666667), 9: (4.0, 2.0), 8: (2.5, 3.5)}
Repeat number : 20
Original weight : [10.27, 13.43, 16.01, 15.92, 14.03, 10.2, 19.74, 16.53, 14.0, 11.18, 19.61, 19.46, 21.49, 7.61, 18.5, 14.11, 18.28, 9.96, 15.72, 11.48, 18.34, 8.38, 17.09]
Group : [1, 1, 0, 2, 0, 1, 0, 0, 1, 2, 2, 3, 0, 2, 0, 2, 1, 3, 1, 0, 2, 3, 1]
Sequence : [0, 0, 0, 0, 0, 0, 0, 0, 0, 0, 0, 0, 0, 0, 0, 1, 2, 3, 4, 5, 6, 7, 8]
Scroe : [110.27, 113.43, 16.01, 215.92, 14.03, 110.2, 19.74, 16.53, 114.0, 211.18, 219.61, 319.46, 21.49, 207.61, 18.5, 214.11, 118.28, 309.96, 115.72, 11.48, 218.34, 308.38, 117.09]
Time taken to solve the MIP model : 0.0155 seconds
---------------------------------
