Can't find feasible solution

Number of initial container : 15
Number of new container : 8
Total number of containers : 23
Level_num : 9
Container_level : [3, 8, 3, 8, 8, 8, 6, 1, 1, 1, 9, 8, 3, 6, 3, 8, 6, 1, 3, 6, 8, 3, 3]
ideal_configuration : 
 [[3. 8. 8. 0. 0. 0.]
 [3. 6. 8. 8. 0. 0.]
 [1. 3. 6. 8. 9. 0.]
 [1. 3. 3. 6. 8. 0.]
 [1. 1. 3. 3. 6. 8.]]
Centroid : {3: (1.2857142857142858, 1.5714285714285714), 8: (2.857142857142857, 2.4285714285714284), 6: (2.5, 1.5), 1: (0.25, 0.75), 9: (4.0, 2.0)}
Repeat number : 11
Original weight : [10.53, 12.3, 8.61, 8.1, 19.11, 8.18, 9.62, 19.61, 5.31, 15.05, 21.05, 8.68, 17.2, 22.17, 7.05, 12.57, 11.42, 8.52, 15.77, 18.44, 17.03, 7.18, 10.87]
Group : [1, 3, 1, 3, 3, 3, 2, 0, 0, 0, 3, 3, 1, 2, 1, 3, 2, 0, 1, 2, 3, 1, 1]
Sequence : [0, 0, 0, 0, 0, 0, 0, 0, 0, 0, 0, 0, 0, 0, 0, 1, 2, 3, 4, 5, 6, 7, 8]
Scroe : [110.53, 312.3, 108.61, 308.1, 319.11, 308.18, 209.62, 19.61, 5.31, 15.05, 321.05, 308.68, 117.2, 222.17000000000002, 107.05, 312.57, 211.42, 8.52, 115.77, 218.44, 317.03, 107.18, 110.87]
Time taken to solve the MIP model : 0.0000 seconds
---------------------------------
