Can't find feasible solution

Number of initial container : 15
Number of new container : 8
Total number of containers : 23
Level_num : 9
Container_level : [3, 6, 3, 1, 6, 3, 1, 3, 3, 1, 1, 8, 3, 6, 6, 6, 9, 8, 6, 3, 3, 1, 3]
ideal_configuration : 
 [[3. 6. 8. 0. 0. 0.]
 [3. 3. 6. 8. 0. 0.]
 [1. 3. 3. 6. 9. 0.]
 [1. 1. 3. 3. 6. 0.]
 [1. 1. 3. 3. 6. 6.]]
Centroid : {3: (1.5555555555555556, 1.7777777777777777), 6: (3.1666666666666665, 1.6666666666666667), 1: (0.4, 0.8), 8: (2.5, 3.5), 9: (4.0, 2.0)}
Repeat number : 28
Original weight : [8.01, 21.67, 20.19, 10.23, 20.3, 21.66, 5.74, 10.96, 10.41, 21.68, 6.99, 12.33, 12.51, 14.89, 20.71, 8.39, 21.61, 6.58, 5.66, 17.23, 23.5, 15.84, 7.64]
Group : [1, 2, 1, 0, 2, 1, 0, 1, 1, 0, 0, 3, 1, 2, 2, 2, 3, 3, 2, 1, 1, 0, 1]
Sequence : [0, 0, 0, 0, 0, 0, 0, 0, 0, 0, 0, 0, 0, 0, 0, 1, 2, 3, 4, 5, 6, 7, 8]
Scroe : [108.01, 221.67000000000002, 120.19, 10.23, 220.3, 121.66, 5.74, 110.96000000000001, 110.41, 21.68, 6.99, 312.33, 112.51, 214.89, 220.71, 208.39, 321.61, 306.58, 205.66, 117.23, 123.5, 15.84, 107.64]
Time taken to solve the MIP model : 0.0156 seconds
---------------------------------
