Can't find feasible solution

Number of initial container : 7
Number of new container : 16
Total number of containers : 23
Level_num : 9
Container_level : [1, 8, 1, 6, 3, 8, 8, 3, 1, 8, 3, 8, 3, 1, 6, 9, 6, 6, 1, 6, 8, 1, 6]
ideal_configuration : 
 [[6. 6. 8. 0. 0. 0.]
 [3. 6. 8. 8. 0. 0.]
 [1. 3. 6. 8. 9. 0.]
 [1. 1. 3. 6. 8. 0.]
 [1. 1. 1. 3. 6. 8.]]
Centroid : {1: (0.6666666666666666, 0.6666666666666666), 8: (3.1666666666666665, 2.1666666666666665), 6: (1.8333333333333333, 2.3333333333333335), 3: (1.5, 1.5), 9: (4.0, 2.0)}
Repeat number : 25
Original weight : [11.98, 8.42, 7.37, 10.45, 17.56, 12.27, 8.05, 14.09, 17.11, 19.51, 19.49, 10.78, 5.17, 20.3, 17.6, 20.68, 10.74, 10.3, 15.15, 7.09, 7.08, 18.82, 16.62]
Group : [0, 3, 0, 2, 1, 3, 3, 1, 0, 3, 1, 3, 1, 0, 2, 3, 2, 2, 0, 2, 3, 0, 2]
Sequence : [0, 0, 0, 0, 0, 0, 0, 1, 2, 3, 4, 5, 6, 7, 8, 9, 10, 11, 12, 13, 14, 15, 16]
Scroe : [11.98, 308.42, 7.37, 210.45, 117.56, 312.27, 308.05, 114.09, 17.11, 319.51, 119.49, 310.78, 105.17, 20.3, 217.6, 320.68, 210.74, 210.3, 15.15, 207.09, 307.08, 18.82, 216.62]
Time taken to solve the MIP model : 0.0080 seconds
---------------------------------
