Can't find feasible solution

Number of initial container : 7
Number of new container : 16
Total number of containers : 23
Level_num : 9
Container_level : [3, 3, 3, 8, 1, 9, 1, 3, 1, 6, 3, 1, 8, 3, 3, 3, 8, 1, 6, 1, 8, 3, 3]
ideal_configuration : 
 [[3. 3. 8. 0. 0. 0.]
 [3. 3. 6. 8. 0. 0.]
 [1. 3. 3. 6. 9. 0.]
 [1. 1. 3. 3. 8. 0.]
 [1. 1. 1. 3. 3. 8.]]
Centroid : {3: (1.7, 2.0), 8: (3.5, 2.0), 1: (0.6666666666666666, 0.6666666666666666), 9: (4.0, 2.0), 6: (2.5, 2.5)}
Repeat number : 14
Original weight : [17.31, 18.18, 21.34, 21.29, 13.67, 23.23, 6.08, 17.35, 16.19, 8.35, 8.25, 15.56, 17.07, 8.09, 22.41, 14.3, 14.22, 14.83, 12.93, 10.2, 6.96, 6.14, 22.05]
Group : [1, 1, 1, 3, 0, 3, 0, 1, 0, 2, 1, 0, 3, 1, 1, 1, 3, 0, 2, 0, 3, 1, 1]
Sequence : [0, 0, 0, 0, 0, 0, 0, 1, 2, 3, 4, 5, 6, 7, 8, 9, 10, 11, 12, 13, 14, 15, 16]
Scroe : [117.31, 118.18, 121.34, 321.29, 13.67, 323.23, 6.08, 117.35, 16.19, 208.35, 108.25, 15.56, 317.07, 108.09, 122.41, 114.3, 314.22, 14.83, 212.93, 10.2, 306.96, 106.14, 122.05]
Time taken to solve the MIP model : 0.0079 seconds
---------------------------------
