Can't find feasible solution

Number of initial container : 7
Number of new container : 16
Total number of containers : 23
Level_num : 9
Container_level : [6, 1, 1, 3, 6, 6, 6, 1, 1, 3, 1, 3, 6, 1, 4, 8, 1, 6, 9, 6, 1, 1, 6]
ideal_configuration : 
 [[3. 6. 6. 0. 0. 0.]
 [1. 3. 6. 8. 0. 0.]
 [1. 1. 4. 6. 9. 0.]
 [1. 1. 1. 6. 6. 0.]
 [1. 1. 1. 3. 6. 6.]]
Centroid : {6: (3.0, 1.875), 1: (0.7777777777777778, 1.1111111111111112), 3: (1.3333333333333333, 2.3333333333333335), 4: (2.0, 2.0), 8: (3.0, 3.0), 9: (4.0, 2.0)}
Repeat number : 4
Original weight : [10.22, 23.31, 22.82, 12.39, 23.37, 6.89, 21.18, 9.61, 22.15, 10.99, 10.67, 21.04, 5.31, 13.11, 23.76, 6.57, 21.36, 22.96, 17.1, 18.77, 7.93, 5.19, 6.23]
Group : [2, 0, 0, 1, 2, 2, 2, 0, 0, 1, 0, 1, 2, 0, 1, 3, 0, 2, 3, 2, 0, 0, 2]
Sequence : [0, 0, 0, 0, 0, 0, 0, 1, 2, 3, 4, 5, 6, 7, 8, 9, 10, 11, 12, 13, 14, 15, 16]
Scroe : [210.22, 23.31, 22.82, 112.39, 223.37, 206.89, 221.18, 9.61, 22.15, 110.99, 10.67, 121.03999999999999, 205.31, 13.11, 123.76, 306.57, 21.36, 222.96, 317.1, 218.77, 7.93, 5.19, 206.23]
Time taken to solve the MIP model : 0.0070 seconds
---------------------------------
