Can't find feasible solution

Number of initial container : 7
Number of new container : 16
Total number of containers : 23
Level_num : 9
Container_level : [8, 8, 3, 3, 1, 1, 8, 3, 6, 6, 3, 1, 6, 6, 9, 3, 3, 1, 8, 3, 8, 3, 1]
ideal_configuration : 
 [[3. 6. 8. 0. 0. 0.]
 [3. 3. 6. 8. 0. 0.]
 [1. 3. 3. 8. 9. 0.]
 [1. 1. 3. 6. 8. 0.]
 [1. 1. 3. 3. 6. 8.]]
Centroid : {8: (3.4, 2.0), 3: (1.375, 1.875), 1: (0.4, 0.8), 6: (2.5, 2.0), 9: (4.0, 2.0)}
Repeat number : 21
Original weight : [13.1, 5.4, 7.85, 12.93, 12.79, 13.49, 17.53, 18.07, 12.92, 21.84, 17.65, 20.63, 22.27, 19.75, 20.37, 19.82, 14.97, 18.78, 17.72, 7.88, 17.85, 8.54, 11.3]
Group : [3, 3, 1, 1, 0, 0, 3, 1, 2, 2, 1, 0, 2, 2, 3, 1, 1, 0, 3, 1, 3, 1, 0]
Sequence : [0, 0, 0, 0, 0, 0, 0, 1, 2, 3, 4, 5, 6, 7, 8, 9, 10, 11, 12, 13, 14, 15, 16]
Scroe : [313.1, 305.4, 107.85, 112.93, 12.79, 13.49, 317.53, 118.07, 212.92, 221.84, 117.65, 20.63, 222.27, 219.75, 320.37, 119.82, 114.97, 18.78, 317.72, 107.88, 317.85, 108.53999999999999, 11.3]
Time taken to solve the MIP model : 0.0084 seconds
---------------------------------
