Can't find feasible solution

Number of initial container : 7
Number of new container : 16
Total number of containers : 23
Level_num : 9
Container_level : [3, 9, 1, 1, 6, 6, 6, 1, 1, 6, 1, 1, 3, 1, 3, 8, 6, 8, 1, 1, 8, 1, 1]
ideal_configuration : 
 [[1. 6. 8. 0. 0. 0.]
 [1. 3. 6. 8. 0. 0.]
 [1. 1. 3. 6. 9. 0.]
 [1. 1. 1. 3. 6. 0.]
 [1. 1. 1. 1. 6. 8.]]
Centroid : {3: (2.0, 2.0), 9: (4.0, 2.0), 1: (0.9090909090909091, 1.2727272727272727), 6: (2.8, 2.0), 8: (3.3333333333333335, 2.3333333333333335)}
Repeat number : 26
Original weight : [12.22, 21.64, 22.98, 10.75, 9.3, 16.85, 7.6, 12.79, 7.17, 16.77, 7.58, 8.07, 10.05, 7.25, 10.8, 7.29, 23.34, 21.05, 15.58, 14.71, 8.66, 15.3, 5.62]
Group : [1, 3, 0, 0, 2, 2, 2, 0, 0, 2, 0, 0, 1, 0, 1, 3, 2, 3, 0, 0, 3, 0, 0]
Sequence : [0, 0, 0, 0, 0, 0, 0, 1, 2, 3, 4, 5, 6, 7, 8, 9, 10, 11, 12, 13, 14, 15, 16]
Scroe : [112.22, 321.64, 22.98, 10.75, 209.3, 216.85, 207.6, 12.79, 7.17, 216.77, 7.58, 8.07, 110.05, 7.25, 110.8, 307.29, 223.34, 321.05, 15.58, 14.71, 308.66, 15.3, 5.62]
Time taken to solve the MIP model : 0.0080 seconds
---------------------------------
