Can't find feasible solution

Number of initial container : 7
Number of new container : 18
Total number of containers : 25
Level_num : 9
Container_level : [7, 6, 3, 6, 5, 3, 6, 5, 3, 3, 8, 4, 2, 5, 8, 1, 6, 7, 2, 3, 4, 4, 9, 1, 7]
ideal_configuration : 
 [[4. 6. 7. 9. 0. 0.]
 [3. 4. 6. 7. 0. 0.]
 [2. 3. 5. 6. 8. 0.]
 [1. 3. 3. 5. 6. 8.]
 [1. 2. 3. 4. 5. 7.]]
Centroid : {7: (4.333333333333333, 2.3333333333333335), 6: (3.5, 2.5), 3: (2.2, 1.4), 5: (4.0, 1.0), 8: (5.5, 1.5), 4: (2.3333333333333335, 2.3333333333333335), 2: (1.5, 1.0), 1: (1.0, 0.5), 9: (4.0, 4.0)}
Repeat number : 10
Original weight : [19.48, 18.22, 11.99, 18.33, 16.51, 12.18, 17.71, 16.13, 10.84, 12.19, 22.06, 14.65, 9.92, 15.9, 21.5, 6.45, 17.19, 20.35, 9.77, 11.2, 14.09, 12.75, 23.24, 8.24, 20.26]
Sequence : [0, 0, 0, 0, 0, 0, 0, 1, 2, 3, 4, 5, 6, 7, 8, 9, 10, 11, 12, 13, 14, 15, 16, 17, 18]
Emergency : [0, 0, 0, 0, 0, 0, 0, 0, 0, 0, 0, 0, 0, 0, 0, 0, 0, 0, 0, 0, 0, 0, 0, 0, 0]
Time taken to solve the MIP model : 0.0089 seconds
---------------------------------
