Can't find feasible solution

Number of initial container : 7
Number of new container : 18
Total number of containers : 25
Level_num : 9
Container_level : [1, 1, 1, 8, 8, 7, 8, 5, 6, 5, 9, 8, 2, 6, 8, 5, 4, 5, 7, 2, 4, 3, 5, 2, 1]
ideal_configuration : 
 [[5. 6. 8. 9. 0. 0.]
 [2. 5. 6. 8. 0. 0.]
 [1. 3. 5. 7. 8. 0.]
 [1. 2. 4. 5. 7. 8.]
 [1. 1. 2. 4. 5. 8.]]
Centroid : {1: (1.25, 0.75), 8: (4.8, 2.0), 7: (4.5, 1.5), 5: (3.0, 2.0), 6: (2.5, 3.5), 9: (4.0, 4.0), 2: (2.0, 1.3333333333333333), 4: (3.5, 0.5), 3: (2.0, 2.0)}
Repeat number : 29
Original weight : [6.11, 8.18, 6.57, 21.67, 22.51, 20.27, 22.8, 15.62, 18.2, 15.93, 23.49, 22.43, 9.21, 18.47, 21.73, 15.26, 13.01, 16.04, 19.57, 8.71, 14.56, 11.54, 14.91, 9.55, 8.13]
Sequence : [0, 0, 0, 0, 0, 0, 0, 1, 2, 3, 4, 5, 6, 7, 8, 9, 10, 11, 12, 13, 14, 15, 16, 17, 18]
Emergency : [0, 0, 0, 0, 0, 0, 0, 0, 0, 0, 0, 0, 0, 0, 0, 0, 0, 0, 0, 0, 0, 0, 0, 0, 0]
Time taken to solve the MIP model : 0.0080 seconds
---------------------------------
