Can't find feasible solution

Number of initial container : 7
Number of new container : 18
Total number of containers : 25
Level_num : 9
Container_level : [1, 3, 1, 6, 8, 4, 7, 7, 6, 5, 1, 3, 4, 8, 6, 8, 1, 3, 4, 3, 7, 5, 9, 3, 4]
ideal_configuration : 
 [[4. 6. 7. 9. 0. 0.]
 [3. 4. 6. 8. 0. 0.]
 [1. 3. 4. 6. 8. 0.]
 [1. 3. 3. 5. 7. 8.]
 [1. 1. 3. 4. 5. 7.]]
Centroid : {1: (1.25, 0.75), 3: (2.2, 1.4), 6: (3.0, 3.0), 8: (5.0, 2.0), 4: (2.5, 2.25), 7: (4.666666666666667, 1.6666666666666667), 5: (4.5, 0.5), 9: (4.0, 4.0)}
Repeat number : 1
Original weight : [6.62, 9.96, 5.85, 18.63, 21.78, 12.49, 19.46, 20.06, 18.25, 16.11, 7.28, 10.65, 13.24, 22.9, 17.33, 22.1, 5.08, 10.24, 13.43, 11.54, 20.25, 14.99, 23.23, 11.18, 13.17]
Sequence : [0, 0, 0, 0, 0, 0, 0, 1, 2, 3, 4, 5, 6, 7, 8, 9, 10, 11, 12, 13, 14, 15, 16, 17, 18]
Emergency : [0, 0, 0, 0, 0, 0, 0, 0, 0, 0, 0, 0, 0, 0, 0, 0, 0, 0, 0, 0, 0, 0, 0, 0, 0]
Time taken to solve the MIP model : 0.0103 seconds
---------------------------------
