Can't find feasible solution

Number of initial container : 7
Number of new container : 18
Total number of containers : 25
Level_num : 9
Container_level : [2, 8, 8, 4, 4, 9, 3, 3, 2, 2, 5, 1, 6, 8, 6, 3, 8, 3, 6, 2, 8, 8, 1, 6, 5]
ideal_configuration : 
 [[4. 6. 8. 9. 0. 0.]
 [3. 4. 6. 8. 0. 0.]
 [2. 3. 5. 6. 8. 0.]
 [1. 2. 3. 5. 8. 8.]
 [1. 2. 2. 3. 6. 8.]]
Centroid : {2: (2.0, 0.75), 8: (4.833333333333333, 1.8333333333333333), 4: (1.5, 3.5), 9: (4.0, 4.0), 3: (2.5, 1.5), 5: (3.5, 1.5), 1: (1.0, 0.5), 6: (3.5, 2.25)}
Repeat number : 4
Original weight : [8.26, 21.33, 21.94, 12.64, 12.93, 23.35, 10.08, 10.66, 7.76, 9.51, 15.84, 6.17, 16.63, 22.77, 17.51, 11.74, 22.38, 10.02, 18.42, 8.63, 22.26, 22.6, 5.04, 18.41, 15.72]
Sequence : [0, 0, 0, 0, 0, 0, 0, 1, 2, 3, 4, 5, 6, 7, 8, 9, 10, 11, 12, 13, 14, 15, 16, 17, 18]
Emergency : [0, 0, 0, 0, 0, 0, 0, 0, 0, 0, 0, 0, 0, 0, 0, 0, 0, 0, 0, 0, 0, 0, 0, 0, 0]
Time taken to solve the MIP model : 0.0474 seconds
---------------------------------
