Can't find feasible solution

Number of initial container : 10
Number of new container : 15
Total number of containers : 25
Level_num : 9
Container_level : [3, 1, 8, 6, 8, 6, 3, 8, 6, 1, 6, 3, 6, 6, 3, 8, 8, 3, 8, 6, 6, 6, 1, 9, 6]
ideal_configuration : 
 [[6. 6. 8. 9. 0. 0.]
 [3. 6. 6. 8. 0. 0.]
 [3. 3. 6. 6. 8. 0.]
 [1. 3. 6. 6. 8. 8.]
 [1. 1. 3. 6. 6. 8.]]
Centroid : {3: (0.8, 1.6), 1: (0.3333333333333333, 0.3333333333333333), 8: (3.8333333333333335, 1.8333333333333333), 6: (2.1, 2.0), 9: (3.0, 4.0)}
Repeat number : 27
Original weight : [11.38, 14.52, 9.05, 14.6, 19.13, 13.68, 23.62, 14.25, 11.37, 9.47, 6.12, 5.67, 10.34, 13.78, 16.79, 11.97, 11.73, 16.14, 20.18, 15.4, 18.16, 20.19, 8.32, 23.64, 17.81]
Group : [1, 0, 3, 2, 3, 2, 1, 3, 2, 0, 2, 1, 2, 2, 1, 3, 3, 1, 3, 2, 2, 2, 0, 3, 2]
Sequence : [0, 0, 0, 0, 0, 0, 0, 0, 0, 0, 1, 2, 3, 4, 5, 6, 7, 8, 9, 10, 11, 12, 13, 14, 15]
Scroe : [111.38, 14.52, 309.05, 214.6, 319.13, 213.68, 123.62, 314.25, 211.37, 9.47, 206.12, 105.67, 210.34, 213.78, 116.78999999999999, 311.97, 311.73, 116.14, 320.18, 215.4, 218.16, 220.19, 8.32, 323.64, 217.81]
Time taken to solve the MIP model : 0.0002 seconds
---------------------------------
