Can't find feasible solution

Number of initial container : 10
Number of new container : 15
Total number of containers : 25
Level_num : 9
Container_level : [6, 6, 3, 1, 3, 6, 3, 6, 9, 8, 1, 1, 3, 8, 1, 8, 6, 1, 3, 1, 3, 3, 6, 6, 3]
ideal_configuration : 
 [[3. 6. 6. 9. 0. 0.]
 [3. 3. 6. 8. 0. 0.]
 [1. 3. 3. 6. 8. 0.]
 [1. 1. 3. 3. 6. 8.]
 [1. 1. 1. 3. 6. 6.]]
Centroid : {6: (3.0, 2.0), 3: (1.5, 2.0), 1: (0.6666666666666666, 0.6666666666666666), 9: (3.0, 4.0), 8: (4.0, 2.0)}
Repeat number : 15
Original weight : [6.3, 12.01, 7.32, 18.74, 22.24, 18.43, 6.63, 21.84, 23.42, 17.56, 5.75, 16.21, 15.75, 15.23, 7.81, 5.55, 16.6, 17.69, 18.45, 14.23, 11.29, 6.44, 14.88, 5.05, 16.63]
Group : [2, 2, 1, 0, 1, 2, 1, 2, 3, 3, 0, 0, 1, 3, 0, 3, 2, 0, 1, 0, 1, 1, 2, 2, 1]
Sequence : [0, 0, 0, 0, 0, 0, 0, 0, 0, 0, 1, 2, 3, 4, 5, 6, 7, 8, 9, 10, 11, 12, 13, 14, 15]
Scroe : [206.3, 212.01, 107.32, 18.74, 122.24, 218.43, 106.63, 221.84, 323.42, 317.56, 5.75, 16.21, 115.75, 315.23, 7.81, 305.55, 216.6, 17.69, 118.45, 14.23, 111.28999999999999, 106.44, 214.88, 205.05, 116.63]
Time taken to solve the MIP model : 0.0150 seconds
---------------------------------
