Can't find feasible solution

Number of initial container : 10
Number of new container : 15
Total number of containers : 25
Level_num : 9
Container_level : [1, 6, 1, 3, 3, 3, 3, 8, 8, 1, 8, 6, 1, 8, 3, 3, 1, 6, 6, 9, 3, 8, 8, 6, 1]
ideal_configuration : 
 [[3. 6. 8. 9. 0. 0.]
 [3. 3. 6. 8. 0. 0.]
 [1. 3. 3. 6. 8. 0.]
 [1. 1. 3. 6. 8. 8.]
 [1. 1. 1. 3. 6. 8.]]
Centroid : {1: (0.6666666666666666, 0.6666666666666666), 6: (2.6, 2.0), 3: (1.2857142857142858, 2.142857142857143), 8: (3.8333333333333335, 1.8333333333333333), 9: (3.0, 4.0)}
Repeat number : 17
Original weight : [8.04, 16.58, 7.8, 20.97, 23.22, 7.84, 17.44, 6.03, 9.41, 9.89, 5.3, 16.06, 7.63, 11.73, 10.08, 22.56, 12.52, 17.27, 16.9, 16.32, 5.72, 14.26, 9.29, 23.02, 13.44]
Group : [0, 2, 0, 1, 1, 1, 1, 3, 3, 0, 3, 2, 0, 3, 1, 1, 0, 2, 2, 3, 1, 3, 3, 2, 0]
Sequence : [0, 0, 0, 0, 0, 0, 0, 0, 0, 0, 1, 2, 3, 4, 5, 6, 7, 8, 9, 10, 11, 12, 13, 14, 15]
Scroe : [8.04, 216.57999999999998, 7.8, 120.97, 123.22, 107.84, 117.44, 306.03, 309.41, 9.89, 305.3, 216.06, 7.63, 311.73, 110.08, 122.56, 12.52, 217.27, 216.9, 316.32, 105.72, 314.26, 309.29, 223.02, 13.44]
Time taken to solve the MIP model : 0.0177 seconds
---------------------------------
