Can't find feasible solution

Number of initial container : 10
Number of new container : 15
Total number of containers : 25
Level_num : 9
Container_level : [8, 3, 3, 3, 6, 3, 8, 5, 8, 1, 1, 8, 6, 8, 6, 1, 6, 6, 1, 1, 9, 8, 6, 3, 1]
ideal_configuration : 
 [[3. 6. 8. 9. 0. 0.]
 [3. 5. 6. 8. 0. 0.]
 [1. 3. 6. 6. 8. 0.]
 [1. 1. 3. 6. 8. 8.]
 [1. 1. 1. 3. 6. 8.]]
Centroid : {8: (3.8333333333333335, 1.8333333333333333), 3: (1.2, 2.0), 6: (2.5, 2.0), 5: (1.0, 3.0), 1: (0.6666666666666666, 0.6666666666666666), 9: (3.0, 4.0)}
Repeat number : 21
Original weight : [18.7, 12.19, 10.67, 9.86, 12.49, 14.66, 8.5, 5.29, 15.47, 16.26, 8.69, 20.29, 10.56, 22.66, 9.24, 9.27, 8.76, 16.39, 21.42, 12.95, 23.74, 12.36, 17.57, 20.68, 9.1]
Group : [3, 1, 1, 1, 2, 1, 3, 2, 3, 0, 0, 3, 2, 3, 2, 0, 2, 2, 0, 0, 3, 3, 2, 1, 0]
Sequence : [0, 0, 0, 0, 0, 0, 0, 0, 0, 0, 1, 2, 3, 4, 5, 6, 7, 8, 9, 10, 11, 12, 13, 14, 15]
Scroe : [318.7, 112.19, 110.67, 109.86, 212.49, 114.66, 308.5, 205.29, 315.47, 16.26, 8.69, 320.29, 210.56, 322.66, 209.24, 9.27, 208.76, 216.39, 21.42, 12.95, 323.74, 312.36, 217.57, 120.68, 9.1]
Time taken to solve the MIP model : 0.0080 seconds
---------------------------------
