Can't find feasible solution

Number of initial container : 10
Number of new container : 15
Total number of containers : 25
Level_num : 9
Container_level : [1, 1, 3, 8, 8, 3, 6, 1, 6, 1, 3, 8, 1, 3, 8, 3, 3, 1, 8, 3, 6, 8, 3, 6, 9]
ideal_configuration : 
 [[3. 6. 8. 9. 0. 0.]
 [3. 3. 6. 8. 0. 0.]
 [1. 3. 3. 6. 8. 0.]
 [1. 1. 3. 3. 8. 8.]
 [1. 1. 1. 3. 6. 8.]]
Centroid : {1: (0.6666666666666666, 0.6666666666666666), 3: (1.5, 2.0), 8: (3.8333333333333335, 1.8333333333333333), 6: (2.5, 2.25), 9: (3.0, 4.0)}
Repeat number : 1
Original weight : [22.79, 20.94, 12.04, 14.75, 11.5, 22.66, 23.29, 20.01, 11.21, 17.47, 7.18, 12.84, 13.44, 19.75, 8.85, 5.77, 11.18, 18.26, 11.37, 14.53, 7.16, 19.66, 9.47, 16.62, 21.17]
Group : [0, 0, 1, 3, 3, 1, 2, 0, 2, 0, 1, 3, 0, 1, 3, 1, 1, 0, 3, 1, 2, 3, 1, 2, 3]
Sequence : [0, 0, 0, 0, 0, 0, 0, 0, 0, 0, 1, 2, 3, 4, 5, 6, 7, 8, 9, 10, 11, 12, 13, 14, 15]
Scroe : [22.79, 20.94, 112.03999999999999, 314.75, 311.5, 122.66, 223.29, 20.01, 211.21, 17.47, 107.18, 312.84, 13.44, 119.75, 308.85, 105.77, 111.18, 18.26, 311.37, 114.53, 207.16, 319.66, 109.47, 216.62, 321.17]
Time taken to solve the MIP model : 0.0167 seconds
---------------------------------
