Can't find feasible solution

Number of initial container : 10
Number of new container : 15
Total number of containers : 25
Level_num : 9
Container_level : [8, 6, 3, 9, 8, 6, 1, 8, 8, 8, 1, 8, 8, 3, 1, 8, 8, 1, 6, 6, 3, 1, 3, 1, 3]
ideal_configuration : 
 [[3. 8. 8. 9. 0. 0.]
 [3. 6. 8. 8. 0. 0.]
 [1. 3. 6. 8. 8. 0.]
 [1. 1. 3. 6. 8. 8.]
 [1. 1. 1. 3. 6. 8.]]
Centroid : {8: (3.2222222222222223, 2.2222222222222223), 6: (2.5, 1.5), 3: (1.2, 2.0), 9: (3.0, 4.0), 1: (0.6666666666666666, 0.6666666666666666)}
Repeat number : 8
Original weight : [15.11, 9.89, 7.67, 23.44, 9.35, 21.75, 5.79, 7.03, 6.76, 21.38, 13.44, 15.9, 18.79, 12.86, 13.33, 16.79, 13.92, 21.48, 9.43, 7.54, 20.1, 19.03, 14.79, 15.76, 15.22]
Group : [3, 2, 1, 3, 3, 2, 0, 3, 3, 3, 0, 3, 3, 1, 0, 3, 3, 0, 2, 2, 1, 0, 1, 0, 1]
Sequence : [0, 0, 0, 0, 0, 0, 0, 0, 0, 0, 1, 2, 3, 4, 5, 6, 7, 8, 9, 10, 11, 12, 13, 14, 15]
Scroe : [315.11, 209.89, 107.67, 323.44, 309.35, 221.75, 5.79, 307.03, 306.76, 321.38, 13.44, 315.9, 318.79, 112.86, 13.33, 316.79, 313.92, 21.48, 209.43, 207.54, 120.1, 19.03, 114.78999999999999, 15.76, 115.22]
Time taken to solve the MIP model : 0.0151 seconds
---------------------------------
