Can't find feasible solution

Number of initial container : 10
Number of new container : 15
Total number of containers : 25
Level_num : 9
Container_level : [6, 6, 3, 8, 1, 8, 6, 8, 8, 1, 6, 8, 3, 6, 9, 8, 6, 1, 3, 5, 1, 1, 1, 8, 5]
ideal_configuration : 
 [[5. 6. 8. 9. 0. 0.]
 [3. 6. 6. 8. 0. 0.]
 [1. 3. 6. 8. 8. 0.]
 [1. 1. 3. 6. 8. 8.]
 [1. 1. 1. 5. 6. 8.]]
Centroid : {6: (2.1666666666666665, 2.1666666666666665), 3: (1.0, 2.0), 8: (3.7142857142857144, 1.8571428571428572), 1: (0.6666666666666666, 0.6666666666666666), 9: (3.0, 4.0), 5: (1.5, 2.0)}
Repeat number : 2
Original weight : [19.69, 23.73, 14.76, 10.38, 23.4, 19.62, 12.65, 22.72, 18.19, 13.74, 15.01, 8.5, 23.97, 22.46, 23.43, 11.19, 8.28, 17.41, 12.29, 7.22, 14.02, 17.34, 16.33, 5.15, 7.02]
Group : [2, 2, 1, 3, 0, 3, 2, 3, 3, 0, 2, 3, 1, 2, 3, 3, 2, 0, 1, 2, 0, 0, 0, 3, 2]
Sequence : [0, 0, 0, 0, 0, 0, 0, 0, 0, 0, 1, 2, 3, 4, 5, 6, 7, 8, 9, 10, 11, 12, 13, 14, 15]
Scroe : [219.69, 223.73, 114.76, 310.38, 23.4, 319.62, 212.65, 322.72, 318.19, 13.74, 215.01, 308.5, 123.97, 222.46, 323.43, 311.19, 208.28, 17.41, 112.28999999999999, 207.22, 14.02, 17.34, 16.33, 305.15, 207.02]
Time taken to solve the MIP model : 0.0000 seconds
---------------------------------
