Can't find feasible solution

Number of initial container : 10
Number of new container : 15
Total number of containers : 25
Level_num : 9
Container_level : [3, 3, 1, 8, 6, 6, 6, 3, 3, 9, 3, 1, 6, 3, 8, 1, 1, 8, 6, 3, 8, 3, 3, 6, 8]
ideal_configuration : 
 [[3. 6. 8. 9. 0. 0.]
 [3. 3. 6. 8. 0. 0.]
 [1. 3. 3. 6. 8. 0.]
 [1. 3. 3. 6. 6. 8.]
 [1. 1. 3. 3. 6. 8.]]
Centroid : {3: (1.3333333333333333, 1.7777777777777777), 1: (0.25, 0.75), 8: (3.8, 2.0), 6: (2.8333333333333335, 1.8333333333333333), 9: (3.0, 4.0)}
Repeat number : 4
Original weight : [6.68, 21.97, 11.44, 12.53, 19.46, 7.26, 11.54, 11.38, 22.06, 22.7, 14.36, 9.42, 18.64, 22.44, 6.29, 13.5, 21.4, 12.53, 8.76, 15.7, 8.05, 7.77, 16.9, 13.93, 7.05]
Group : [1, 1, 0, 3, 2, 2, 2, 1, 1, 3, 1, 0, 2, 1, 3, 0, 0, 3, 2, 1, 3, 1, 1, 2, 3]
Sequence : [0, 0, 0, 0, 0, 0, 0, 0, 0, 0, 1, 2, 3, 4, 5, 6, 7, 8, 9, 10, 11, 12, 13, 14, 15]
Scroe : [106.68, 121.97, 11.44, 312.53, 219.46, 207.26, 211.54, 111.38, 122.06, 322.7, 114.36, 9.42, 218.64, 122.44, 306.29, 13.5, 21.4, 312.53, 208.76, 115.7, 308.05, 107.77, 116.9, 213.93, 307.05]
Time taken to solve the MIP model : 0.0048 seconds
---------------------------------
