Can't find feasible solution

Number of initial container : 5
Number of new container : 15
Total number of containers : 20
Level_num : 9
Container_level : [1, 8, 1, 3, 1, 6, 8, 3, 1, 3, 6, 6, 6, 6, 8, 6, 9, 8, 3, 1]
ideal_configuration : 
 [[6. 8. 0. 0. 0. 0.]
 [3. 6. 8. 0. 0. 0.]
 [1. 3. 6. 8. 0. 0.]
 [1. 1. 3. 6. 8. 0.]
 [1. 1. 3. 6. 6. 9.]]
Centroid : {1: (0.4, 0.8), 8: (2.5, 2.5), 3: (1.25, 1.5), 6: (2.1666666666666665, 1.6666666666666667), 9: (5.0, 0.0)}
Repeat number : 1
Original weight : [7.68, 15.07, 21.29, 16.64, 23.08, 22.92, 12.84, 22.15, 21.16, 18.1, 23.75, 17.7, 21.28, 21.3, 10.71, 21.55, 19.46, 6.53, 8.21, 7.36]
Group : [0, 3, 0, 1, 0, 2, 3, 1, 0, 1, 2, 2, 2, 2, 3, 2, 3, 3, 1, 0]
Sequence : [0, 0, 0, 0, 0, 1, 2, 3, 4, 5, 6, 7, 8, 9, 10, 11, 12, 13, 14, 15]
Scroe : [7.68, 315.07, 21.29, 116.64, 23.08, 222.92000000000002, 312.84, 122.15, 21.16, 118.1, 223.75, 217.7, 221.28, 221.3, 310.71, 221.55, 319.46, 306.53, 108.21000000000001, 7.36]
Time taken to solve the MIP model : 0.0000 seconds
---------------------------------
