Can't find feasible solution

Number of initial container : 5
Number of new container : 15
Total number of containers : 20
Level_num : 9
Container_level : [8, 8, 6, 3, 6, 8, 6, 1, 1, 1, 6, 8, 6, 8, 3, 8, 9, 3, 1, 3]
ideal_configuration : 
 [[6. 8. 0. 0. 0. 0.]
 [3. 6. 8. 0. 0. 0.]
 [1. 3. 6. 8. 0. 0.]
 [1. 3. 6. 8. 8. 0.]
 [1. 1. 3. 6. 8. 9.]]
Centroid : {8: (2.8333333333333335, 1.8333333333333333), 6: (1.6, 2.0), 3: (1.0, 1.5), 1: (0.25, 0.75), 9: (5.0, 0.0)}
Repeat number : 6
Original weight : [10.91, 15.34, 22.09, 16.4, 10.92, 10.98, 20.01, 9.75, 7.51, 14.49, 9.09, 11.27, 19.09, 16.64, 7.51, 10.84, 18.35, 18.34, 19.1, 12.34]
Group : [3, 3, 2, 1, 2, 3, 2, 0, 0, 0, 2, 3, 2, 3, 1, 3, 3, 1, 0, 1]
Sequence : [0, 0, 0, 0, 0, 1, 2, 3, 4, 5, 6, 7, 8, 9, 10, 11, 12, 13, 14, 15]
Scroe : [310.91, 315.34, 222.09, 116.4, 210.92, 310.98, 220.01, 9.75, 7.51, 14.49, 209.09, 311.27, 219.09, 316.64, 107.51, 310.84, 318.35, 118.34, 19.1, 112.34]
Time taken to solve the MIP model : 0.0000 seconds
---------------------------------
