Can't find feasible solution

Number of initial container : 5
Number of new container : 15
Total number of containers : 20
Level_num : 9
Container_level : [8, 6, 3, 1, 6, 1, 3, 9, 3, 8, 3, 1, 6, 6, 6, 8, 8, 3, 1, 3]
ideal_configuration : 
 [[6. 8. 0. 0. 0. 0.]
 [3. 6. 8. 0. 0. 0.]
 [1. 3. 6. 8. 0. 0.]
 [1. 3. 3. 6. 8. 0.]
 [1. 1. 3. 3. 6. 9.]]
Centroid : {8: (2.5, 2.5), 6: (2.0, 2.0), 3: (1.5, 1.1666666666666667), 1: (0.25, 0.75), 9: (5.0, 0.0)}
Repeat number : 17
Original weight : [20.0, 16.21, 22.4, 11.32, 7.12, 11.38, 10.39, 21.34, 14.15, 21.14, 15.68, 12.67, 17.08, 13.55, 9.98, 11.71, 13.69, 14.54, 18.25, 14.66]
Group : [3, 2, 1, 0, 2, 0, 1, 3, 1, 3, 1, 0, 2, 2, 2, 3, 3, 1, 0, 1]
Sequence : [0, 0, 0, 0, 0, 1, 2, 3, 4, 5, 6, 7, 8, 9, 10, 11, 12, 13, 14, 15]
Scroe : [320.0, 216.21, 122.4, 11.32, 207.12, 11.38, 110.39, 321.34, 114.15, 321.14, 115.68, 12.67, 217.07999999999998, 213.55, 209.98, 311.71, 313.69, 114.53999999999999, 18.25, 114.66]
Time taken to solve the MIP model : 0.0170 seconds
---------------------------------
