Can't find feasible solution

Number of initial container : 10
Number of new container : 15
Total number of containers : 25
Level_num : 9
Container_level : [8, 8, 4, 5, 8, 7, 4, 2, 4, 6, 6, 2, 7, 9, 5, 3, 1, 2, 5, 1, 6, 3, 1, 8, 2]
ideal_configuration : 
 [[4. 6. 8. 9. 0. 0.]
 [2. 4. 6. 8. 0. 0.]
 [2. 3. 5. 6. 8. 0.]
 [1. 2. 3. 5. 7. 8.]
 [1. 1. 2. 4. 5. 7.]]
Centroid : {8: (4.5, 2.5), 4: (2.3333333333333335, 2.3333333333333335), 5: (4.0, 1.0), 7: (5.5, 0.5), 2: (1.75, 1.5), 6: (3.0, 3.0), 9: (4.0, 4.0), 3: (2.5, 1.5), 1: (1.3333333333333333, 0.3333333333333333)}
Repeat number : 12
Original weight : [19.63, 19.43, 11.26, 13.86, 19.0, 17.53, 12.48, 8.3, 11.75, 16.87, 15.73, 8.41, 17.78, 20.87, 13.98, 9.38, 5.94, 7.59, 14.44, 5.01, 15.16, 9.06, 6.11, 19.17, 7.0]
Sequence : [0, 0, 0, 0, 0, 0, 0, 0, 0, 0, 1, 2, 3, 4, 5, 6, 7, 8, 9, 10, 11, 12, 13, 14, 15]
Emergency : [0, 0, 0, 0, 0, 0, 0, 0, 0, 0, 0, 0, 0, 0, 0, 0, 0, 0, 0, 0, 0, 0, 0, 0, 0]
Time taken to solve the MIP model : 0.0070 seconds
---------------------------------
