Can't find feasible solution

Number of initial container : 10
Number of new container : 15
Total number of containers : 25
Level_num : 9
Container_level : [3, 8, 1, 5, 7, 1, 5, 6, 2, 1, 3, 7, 3, 8, 9, 6, 8, 5, 6, 3, 6, 4, 8, 1, 6]
ideal_configuration : 
 [[5. 6. 8. 9. 0. 0.]
 [3. 5. 6. 8. 0. 0.]
 [1. 3. 5. 6. 8. 0.]
 [1. 2. 3. 6. 7. 8.]
 [1. 1. 3. 4. 6. 7.]]
Centroid : {3: (2.25, 1.5), 8: (4.5, 2.5), 1: (1.25, 0.75), 5: (2.0, 3.0), 7: (5.5, 0.5), 6: (3.6, 2.0), 2: (2.0, 1.0), 9: (4.0, 4.0), 4: (4.0, 0.0)}
Repeat number : 25
Original weight : [10.79, 22.65, 5.92, 15.18, 20.23, 5.22, 15.68, 17.11, 8.16, 6.22, 11.97, 20.54, 9.79, 22.49, 23.38, 17.23, 21.63, 16.01, 18.27, 11.44, 18.71, 12.39, 22.03, 6.47, 17.34]
Sequence : [0, 0, 0, 0, 0, 0, 0, 0, 0, 0, 1, 2, 3, 4, 5, 6, 7, 8, 9, 10, 11, 12, 13, 14, 15]
Emergency : [0, 0, 0, 0, 0, 0, 0, 0, 0, 0, 0, 0, 0, 0, 0, 0, 0, 0, 0, 0, 0, 0, 0, 0, 0]
Time taken to solve the MIP model : 0.0051 seconds
---------------------------------
