Can't find feasible solution

Number of initial container : 10
Number of new container : 15
Total number of containers : 25
Level_num : 9
Container_level : [5, 8, 4, 6, 2, 4, 4, 5, 6, 5, 7, 3, 9, 8, 1, 6, 1, 1, 2, 1, 2, 5, 3, 3, 5]
ideal_configuration : 
 [[4. 5. 6. 9. 0. 0.]
 [2. 4. 5. 7. 0. 0.]
 [1. 3. 4. 5. 8. 0.]
 [1. 2. 3. 5. 6. 8.]
 [1. 1. 2. 3. 5. 6.]]
Centroid : {5: (3.6, 2.0), 8: (5.5, 1.5), 4: (2.0, 3.0), 6: (4.666666666666667, 1.6666666666666667), 2: (2.0, 1.3333333333333333), 7: (4.0, 3.0), 3: (3.0, 1.0), 9: (4.0, 4.0), 1: (1.25, 0.75)}
Repeat number : 3
Original weight : [15.66, 23.0, 13.96, 19.05, 8.68, 13.58, 12.51, 15.28, 17.75, 15.23, 19.64, 10.75, 23.75, 22.34, 5.52, 18.63, 5.66, 6.85, 9.65, 7.14, 8.91, 14.87, 11.07, 10.84, 15.29]
Sequence : [0, 0, 0, 0, 0, 0, 0, 0, 0, 0, 1, 2, 3, 4, 5, 6, 7, 8, 9, 10, 11, 12, 13, 14, 15]
Emergency : [0, 0, 0, 0, 0, 0, 0, 0, 0, 0, 0, 0, 0, 0, 0, 0, 0, 0, 0, 0, 0, 0, 0, 0, 0]
Time taken to solve the MIP model : 0.0073 seconds
---------------------------------
