Can't find feasible solution

Number of initial container : 10
Number of new container : 15
Total number of containers : 25
Level_num : 9
Container_level : [3, 3, 9, 2, 5, 8, 7, 7, 1, 3, 2, 1, 3, 2, 3, 6, 7, 5, 3, 2, 6, 3, 5, 4, 4]
ideal_configuration : 
 [[3. 5. 7. 9. 0. 0.]
 [3. 3. 5. 7. 0. 0.]
 [2. 3. 3. 5. 7. 0.]
 [1. 2. 3. 4. 6. 8.]
 [1. 2. 2. 3. 4. 6.]]
Centroid : {3: (2.2857142857142856, 2.142857142857143), 9: (4.0, 4.0), 2: (2.0, 0.75), 5: (3.0, 3.0), 8: (6.0, 1.0), 7: (4.0, 3.0), 1: (1.0, 0.5), 6: (5.5, 0.5), 4: (4.5, 0.5)}
Repeat number : 15
Original weight : [11.17, 10.62, 22.97, 8.7, 15.24, 21.35, 20.57, 20.33, 7.11, 11.79, 8.64, 6.36, 11.59, 8.76, 12.36, 17.3, 19.47, 14.75, 10.8, 8.84, 17.57, 11.29, 15.83, 13.77, 14.21]
Sequence : [0, 0, 0, 0, 0, 0, 0, 0, 0, 0, 1, 2, 3, 4, 5, 6, 7, 8, 9, 10, 11, 12, 13, 14, 15]
Emergency : [0, 0, 0, 0, 0, 0, 0, 0, 0, 0, 0, 0, 0, 0, 0, 0, 0, 0, 0, 0, 0, 0, 0, 0, 0]
Time taken to solve the MIP model : 0.0049 seconds
---------------------------------
