Can't find feasible solution

Number of initial container : 10
Number of new container : 15
Total number of containers : 25
Level_num : 9
Container_level : [5, 6, 9, 6, 6, 8, 4, 4, 7, 8, 6, 2, 5, 6, 1, 3, 6, 7, 7, 3, 8, 7, 8, 2, 1]
ideal_configuration : 
 [[6. 6. 8. 9. 0. 0.]
 [4. 6. 7. 8. 0. 0.]
 [2. 4. 6. 7. 8. 0.]
 [1. 3. 5. 6. 7. 8.]
 [1. 2. 3. 5. 6. 7.]]
Centroid : {5: (3.5, 0.5), 6: (2.8333333333333335, 2.3333333333333335), 9: (4.0, 4.0), 8: (4.5, 2.5), 4: (1.5, 2.5), 7: (4.5, 1.5), 2: (1.5, 1.0), 1: (1.0, 0.5), 3: (2.5, 0.5)}
Repeat number : 19
Original weight : [16.82, 17.49, 23.97, 18.69, 18.87, 22.76, 12.47, 13.93, 19.32, 22.4, 18.07, 8.94, 16.77, 17.75, 5.84, 10.6, 17.33, 19.93, 20.23, 12.03, 23.95, 21.18, 23.65, 7.91, 5.04]
Sequence : [0, 0, 0, 0, 0, 0, 0, 0, 0, 0, 1, 2, 3, 4, 5, 6, 7, 8, 9, 10, 11, 12, 13, 14, 15]
Emergency : [0, 0, 0, 0, 0, 0, 0, 0, 0, 0, 0, 0, 0, 0, 0, 0, 0, 0, 0, 0, 0, 0, 0, 0, 0]
Time taken to solve the MIP model : 0.0059 seconds
---------------------------------
