Can't find feasible solution

Number of initial container : 10
Number of new container : 15
Total number of containers : 25
Level_num : 9
Container_level : [6, 2, 2, 4, 4, 2, 4, 2, 5, 7, 7, 7, 4, 8, 1, 2, 6, 9, 3, 1, 5, 8, 8, 4, 2]
ideal_configuration : 
 [[4. 5. 7. 9. 0. 0.]
 [2. 4. 6. 8. 0. 0.]
 [2. 2. 4. 6. 8. 0.]
 [1. 2. 3. 4. 7. 8.]
 [1. 2. 2. 4. 5. 7.]]
Centroid : {6: (3.5, 2.5), 2: (1.8333333333333333, 1.3333333333333333), 4: (2.8, 2.0), 5: (3.5, 2.0), 7: (4.666666666666667, 1.6666666666666667), 8: (5.0, 2.0), 1: (1.0, 0.5), 9: (4.0, 4.0), 3: (3.0, 1.0)}
Repeat number : 11
Original weight : [18.45, 9.5, 10.03, 12.8, 12.79, 8.68, 14.88, 9.26, 15.72, 20.76, 19.88, 19.48, 13.96, 23.56, 7.97, 8.48, 19.24, 23.79, 12.59, 5.98, 17.1, 22.43, 21.61, 14.1, 9.15]
Sequence : [0, 0, 0, 0, 0, 0, 0, 0, 0, 0, 1, 2, 3, 4, 5, 6, 7, 8, 9, 10, 11, 12, 13, 14, 15]
Emergency : [0, 0, 0, 0, 0, 0, 0, 0, 0, 0, 0, 0, 0, 0, 0, 0, 0, 0, 0, 0, 0, 0, 0, 0, 0]
Time taken to solve the MIP model : 0.0074 seconds
---------------------------------
