Can't find feasible solution

Number of initial container : 10
Number of new container : 15
Total number of containers : 25
Level_num : 9
Container_level : [8, 5, 2, 3, 3, 5, 7, 2, 3, 9, 2, 7, 8, 1, 1, 7, 3, 6, 3, 4, 2, 3, 3, 1, 1]
ideal_configuration : 
 [[3. 4. 7. 9. 0. 0.]
 [2. 3. 5. 7. 0. 0.]
 [1. 2. 3. 5. 8. 0.]
 [1. 2. 3. 3. 6. 8.]
 [1. 1. 2. 3. 3. 7.]]
Centroid : {8: (5.5, 1.5), 5: (3.5, 2.5), 2: (2.0, 1.5), 3: (3.142857142857143, 1.5714285714285714), 7: (4.333333333333333, 2.3333333333333335), 9: (4.0, 4.0), 1: (1.25, 0.75), 6: (5.0, 1.0), 4: (2.0, 4.0)}
Repeat number : 16
Original weight : [23.23, 15.09, 7.61, 10.73, 11.4, 15.96, 20.99, 8.17, 10.6, 23.5, 7.96, 21.09, 21.88, 5.25, 6.22, 20.11, 11.1, 18.73, 11.26, 13.76, 8.2, 10.41, 11.66, 7.01, 6.01]
Sequence : [0, 0, 0, 0, 0, 0, 0, 0, 0, 0, 1, 2, 3, 4, 5, 6, 7, 8, 9, 10, 11, 12, 13, 14, 15]
Emergency : [0, 0, 0, 0, 0, 0, 0, 0, 0, 0, 0, 0, 0, 0, 0, 0, 0, 0, 0, 0, 0, 0, 0, 0, 0]
Time taken to solve the MIP model : 0.0061 seconds
---------------------------------
