Can't find feasible solution

Number of initial container : 10
Number of new container : 15
Total number of containers : 25
Level_num : 9
Container_level : [7, 1, 1, 3, 1, 5, 5, 8, 5, 8, 3, 8, 7, 7, 7, 3, 9, 1, 2, 2, 1, 8, 3, 1, 6]
ideal_configuration : 
 [[3. 6. 8. 9. 0. 0.]
 [2. 3. 7. 8. 0. 0.]
 [1. 2. 5. 7. 8. 0.]
 [1. 1. 3. 5. 7. 8.]
 [1. 1. 1. 3. 5. 7.]]
Centroid : {7: (4.5, 1.5), 1: (1.6666666666666667, 0.6666666666666666), 3: (2.5, 2.0), 5: (4.0, 1.0), 8: (4.5, 2.5), 9: (4.0, 4.0), 2: (1.5, 2.5), 6: (2.0, 4.0)}
Repeat number : 18
Original weight : [19.99, 7.27, 7.21, 13.39, 9.26, 17.5, 16.89, 23.45, 16.81, 22.12, 11.91, 22.37, 21.6, 19.84, 21.59, 11.57, 23.99, 8.03, 9.36, 10.94, 8.6, 23.48, 13.19, 8.28, 18.13]
Sequence : [0, 0, 0, 0, 0, 0, 0, 0, 0, 0, 1, 2, 3, 4, 5, 6, 7, 8, 9, 10, 11, 12, 13, 14, 15]
Emergency : [0, 0, 0, 0, 0, 0, 0, 0, 0, 0, 0, 0, 0, 0, 0, 0, 0, 0, 0, 0, 0, 0, 0, 0, 0]
Time taken to solve the MIP model : 0.0059 seconds
---------------------------------
