Can't find feasible solution

Number of initial container : 10
Number of new container : 15
Total number of containers : 25
Level_num : 9
Container_level : [4, 5, 5, 3, 5, 1, 3, 7, 9, 4, 4, 2, 8, 8, 5, 6, 6, 7, 4, 8, 1, 8, 1, 8, 1]
ideal_configuration : 
 [[4. 6. 8. 9. 0. 0.]
 [3. 5. 6. 8. 0. 0.]
 [1. 4. 5. 7. 8. 0.]
 [1. 2. 4. 5. 7. 8.]
 [1. 1. 3. 4. 5. 8.]]
Centroid : {4: (2.5, 1.75), 5: (3.5, 1.5), 3: (2.0, 1.5), 1: (1.25, 0.75), 7: (4.5, 1.5), 9: (4.0, 4.0), 2: (2.0, 1.0), 8: (4.8, 2.0), 6: (2.5, 3.5)}
Repeat number : 23
Original weight : [11.93, 14.06, 14.17, 9.5, 14.02, 5.14, 10.69, 19.56, 21.69, 12.76, 11.66, 9.13, 21.59, 20.15, 14.13, 17.07, 15.99, 17.75, 13.16, 20.63, 5.22, 20.84, 5.47, 19.74, 5.77]
Sequence : [0, 0, 0, 0, 0, 0, 0, 0, 0, 0, 1, 2, 3, 4, 5, 6, 7, 8, 9, 10, 11, 12, 13, 14, 15]
Emergency : [0, 0, 0, 0, 0, 0, 0, 0, 0, 0, 0, 0, 0, 0, 0, 0, 0, 0, 0, 0, 0, 0, 0, 0, 0]
Time taken to solve the MIP model : 0.0068 seconds
---------------------------------
