Can't find feasible solution

Number of initial container : 10
Number of new container : 15
Total number of containers : 25
Level_num : 9
Container_level : [2, 3, 5, 9, 4, 1, 4, 4, 4, 5, 6, 1, 7, 7, 1, 8, 1, 7, 5, 2, 7, 7, 5, 3, 5]
ideal_configuration : 
 [[4. 5. 7. 9. 0. 0.]
 [3. 4. 5. 7. 0. 0.]
 [1. 3. 5. 6. 7. 0.]
 [1. 2. 4. 5. 7. 8.]
 [1. 1. 2. 4. 5. 7.]]
Centroid : {2: (2.5, 0.5), 3: (1.5, 2.5), 5: (3.4, 2.0), 9: (4.0, 4.0), 4: (2.5, 2.0), 1: (1.25, 0.75), 6: (4.0, 2.0), 7: (4.6, 2.0), 8: (6.0, 1.0)}
Repeat number : 9
Original weight : [8.68, 10.23, 16.16, 23.78, 14.39, 5.37, 14.46, 13.93, 12.97, 15.42, 18.66, 6.37, 19.76, 19.88, 7.09, 22.67, 5.15, 19.85, 15.73, 9.08, 20.17, 20.1, 15.14, 11.19, 15.72]
Sequence : [0, 0, 0, 0, 0, 0, 0, 0, 0, 0, 1, 2, 3, 4, 5, 6, 7, 8, 9, 10, 11, 12, 13, 14, 15]
Emergency : [0, 0, 0, 0, 0, 0, 0, 0, 0, 0, 0, 0, 0, 0, 0, 0, 0, 0, 0, 0, 0, 0, 0, 0, 0]
Time taken to solve the MIP model : 0.0077 seconds
---------------------------------
