Can't find feasible solution

Number of initial container : 5
Number of new container : 15
Total number of containers : 20
Level_num : 9
Container_level : [5, 4, 7, 3, 4, 8, 3, 2, 2, 4, 9, 8, 3, 4, 3, 1, 1, 6, 7, 1]
ideal_configuration : 
 [[4. 7. 0. 0. 0. 0.]
 [3. 4. 7. 0. 0. 0.]
 [2. 3. 4. 8. 0. 0.]
 [1. 2. 3. 5. 8. 0.]
 [1. 1. 3. 4. 6. 9.]]
Centroid : {5: (4.0, 1.0), 4: (2.5, 2.25), 7: (2.5, 3.5), 3: (2.25, 1.5), 8: (4.5, 1.5), 2: (1.5, 1.5), 9: (6.0, 0.0), 1: (1.3333333333333333, 0.3333333333333333), 6: (5.0, 0.0)}
Repeat number : 6
Original weight : [14.66, 13.86, 18.58, 10.77, 13.68, 21.73, 11.81, 9.47, 9.44, 12.63, 22.74, 20.63, 11.22, 13.32, 11.04, 5.41, 6.12, 17.23, 20.39, 6.64]
Sequence : [0, 0, 0, 0, 0, 1, 2, 3, 4, 5, 6, 7, 8, 9, 10, 11, 12, 13, 14, 15]
Emergency : [0, 0, 0, 0, 0, 0, 0, 0, 0, 0, 0, 0, 0, 0, 0, 0, 0, 0, 0, 0]
Time taken to solve the MIP model : 0.0120 seconds
---------------------------------
