Can't find feasible solution

Number of initial container : 5
Number of new container : 15
Total number of containers : 20
Level_num : 9
Container_level : [1, 8, 5, 5, 9, 2, 8, 1, 8, 2, 3, 6, 8, 3, 4, 1, 6, 5, 2, 6]
ideal_configuration : 
 [[5. 8. 0. 0. 0. 0.]
 [3. 5. 8. 0. 0. 0.]
 [2. 3. 6. 8. 0. 0.]
 [1. 2. 4. 6. 8. 0.]
 [1. 1. 2. 5. 6. 9.]]
Centroid : {1: (1.3333333333333333, 0.3333333333333333), 8: (3.5, 2.5), 5: (2.3333333333333335, 2.3333333333333335), 9: (6.0, 0.0), 2: (2.0, 1.0), 3: (1.5, 2.5), 6: (4.0, 1.0), 4: (3.0, 1.0)}
Repeat number : 19
Original weight : [5.08, 22.11, 14.64, 15.66, 23.81, 9.46, 23.21, 5.99, 22.51, 7.56, 11.43, 17.71, 23.36, 11.42, 12.27, 6.02, 18.86, 16.45, 8.86, 17.68]
Sequence : [0, 0, 0, 0, 0, 1, 2, 3, 4, 5, 6, 7, 8, 9, 10, 11, 12, 13, 14, 15]
Emergency : [0, 0, 0, 0, 0, 0, 0, 0, 0, 0, 0, 0, 0, 0, 0, 0, 0, 0, 0, 0]
Time taken to solve the MIP model : 0.0040 seconds
---------------------------------
