Can't find feasible solution

Number of initial container : 5
Number of new container : 15
Total number of containers : 20
Level_num : 9
Container_level : [7, 7, 4, 9, 2, 5, 6, 2, 5, 2, 1, 7, 1, 1, 4, 3, 4, 2, 3, 5]
ideal_configuration : 
 [[4. 6. 0. 0. 0. 0.]
 [2. 4. 7. 0. 0. 0.]
 [2. 3. 5. 7. 0. 0.]
 [1. 2. 3. 5. 7. 0.]
 [1. 1. 2. 4. 5. 9.]]
Centroid : {7: (4.0, 2.0), 4: (2.3333333333333335, 2.3333333333333335), 9: (6.0, 0.0), 2: (1.75, 1.5), 5: (4.0, 1.0), 6: (2.0, 4.0), 1: (1.3333333333333333, 0.3333333333333333), 3: (2.5, 1.5)}
Repeat number : 3
Original weight : [19.89, 18.86, 11.63, 22.52, 7.32, 13.83, 16.17, 8.33, 14.35, 8.4, 5.18, 19.27, 5.08, 5.47, 12.55, 10.36, 12.27, 8.47, 10.57, 14.24]
Sequence : [0, 0, 0, 0, 0, 1, 2, 3, 4, 5, 6, 7, 8, 9, 10, 11, 12, 13, 14, 15]
Emergency : [0, 0, 0, 0, 0, 0, 0, 0, 0, 0, 0, 0, 0, 0, 0, 0, 0, 0, 0, 0]
Time taken to solve the MIP model : 0.0045 seconds
---------------------------------
