Can't find feasible solution

Number of initial container : 15
Number of new container : 10
Total number of containers : 25
Level_num : 9
Container_level : [8, 1, 8, 9, 1, 6, 3, 6, 3, 3, 3, 6, 3, 3, 1, 3, 6, 8, 8, 6, 8, 1, 1, 6, 6]
ideal_configuration : 
 [[3. 6. 8. 9. 0. 0.]
 [3. 3. 6. 8. 0. 0.]
 [1. 3. 6. 6. 8. 0.]
 [1. 1. 3. 6. 6. 8.]
 [1. 1. 3. 3. 6. 8.]]
Centroid : {8: (3.8, 2.0), 1: (0.4, 0.8), 9: (3.0, 4.0), 6: (2.7142857142857144, 1.8571428571428572), 3: (1.2857142857142858, 1.8571428571428572)}
Repeat number : 25
Original weight : [8.87, 12.41, 15.01, 21.52, 11.59, 11.64, 5.1, 11.79, 6.85, 6.51, 17.53, 10.72, 22.19, 13.2, 19.98, 18.85, 22.1, 8.61, 19.05, 22.4, 13.83, 6.74, 23.58, 7.11, 17.89]
Group : [3, 0, 3, 3, 0, 2, 1, 2, 1, 1, 1, 2, 1, 1, 0, 1, 2, 3, 3, 2, 3, 0, 0, 2, 2]
Sequence : [0, 0, 0, 0, 0, 0, 0, 0, 0, 0, 0, 0, 0, 0, 0, 1, 2, 3, 4, 5, 6, 7, 8, 9, 10]
Scroe : [308.87, 12.41, 315.01, 321.52, 11.59, 211.64, 105.1, 211.79, 106.85, 106.51, 117.53, 210.72, 122.19, 113.2, 19.98, 118.85, 222.1, 308.61, 319.05, 222.4, 313.83, 6.74, 23.58, 207.11, 217.89]
Time taken to solve the MIP model : 0.0106 seconds
---------------------------------
