Can't find feasible solution

Number of initial container : 15
Number of new container : 10
Total number of containers : 25
Level_num : 9
Container_level : [6, 8, 3, 3, 1, 3, 1, 3, 6, 8, 3, 6, 9, 6, 1, 8, 3, 1, 6, 8, 1, 4, 1, 3, 3]
ideal_configuration : 
 [[3. 6. 8. 9. 0. 0.]
 [3. 3. 6. 8. 0. 0.]
 [1. 3. 3. 6. 8. 0.]
 [1. 1. 3. 3. 6. 8.]
 [1. 1. 1. 3. 4. 6.]]
Centroid : {6: (3.0, 2.0), 8: (3.5, 2.5), 3: (1.5, 2.0), 1: (0.6666666666666666, 0.6666666666666666), 9: (3.0, 4.0), 4: (4.0, 0.0)}
Repeat number : 9
Original weight : [12.46, 10.17, 20.57, 15.84, 11.58, 20.11, 12.0, 9.17, 19.17, 13.7, 21.59, 12.91, 13.87, 22.33, 20.0, 10.53, 16.25, 8.05, 22.81, 8.6, 14.33, 23.84, 23.26, 7.48, 19.65]
Group : [2, 3, 1, 1, 0, 1, 0, 1, 2, 3, 1, 2, 3, 2, 0, 3, 1, 0, 2, 3, 0, 1, 0, 1, 1]
Sequence : [0, 0, 0, 0, 0, 0, 0, 0, 0, 0, 0, 0, 0, 0, 0, 1, 2, 3, 4, 5, 6, 7, 8, 9, 10]
Scroe : [212.46, 310.17, 120.57, 115.84, 11.58, 120.11, 12.0, 109.17, 219.17000000000002, 313.7, 121.59, 212.91, 313.87, 222.32999999999998, 20.0, 310.53, 116.25, 8.05, 222.81, 308.6, 14.33, 123.84, 23.26, 107.48, 119.65]
Time taken to solve the MIP model : 0.0070 seconds
---------------------------------
