Can't find feasible solution

Number of initial container : 15
Number of new container : 10
Total number of containers : 25
Level_num : 9
Container_level : [8, 3, 6, 8, 1, 6, 8, 6, 9, 3, 6, 6, 1, 3, 8, 1, 1, 8, 8, 3, 1, 1, 3, 8, 6]
ideal_configuration : 
 [[3. 6. 8. 9. 0. 0.]
 [3. 6. 6. 8. 0. 0.]
 [1. 3. 6. 8. 8. 0.]
 [1. 1. 3. 6. 8. 8.]
 [1. 1. 1. 3. 6. 8.]]
Centroid : {8: (3.7142857142857144, 1.8571428571428572), 3: (1.2, 2.0), 6: (2.1666666666666665, 2.1666666666666665), 1: (0.6666666666666666, 0.6666666666666666), 9: (3.0, 4.0)}
Repeat number : 21
Original weight : [14.63, 23.38, 20.28, 19.51, 17.99, 18.22, 21.3, 7.63, 23.01, 11.18, 20.35, 20.42, 20.76, 8.05, 13.1, 19.3, 14.74, 15.2, 9.07, 12.47, 10.43, 5.74, 17.76, 8.8, 9.49]
Group : [3, 1, 2, 3, 0, 2, 3, 2, 3, 1, 2, 2, 0, 1, 3, 0, 0, 3, 3, 1, 0, 0, 1, 3, 2]
Sequence : [0, 0, 0, 0, 0, 0, 0, 0, 0, 0, 0, 0, 0, 0, 0, 1, 2, 3, 4, 5, 6, 7, 8, 9, 10]
Scroe : [314.63, 123.38, 220.28, 319.51, 17.99, 218.22, 321.3, 207.63, 323.01, 111.18, 220.35, 220.42000000000002, 20.76, 108.05, 313.1, 19.3, 14.74, 315.2, 309.07, 112.47, 10.43, 5.74, 117.76, 308.8, 209.49]
Time taken to solve the MIP model : 0.0000 seconds
---------------------------------
