Can't find feasible solution

Number of initial container : 15
Number of new container : 10
Total number of containers : 25
Level_num : 9
Container_level : [6, 3, 8, 8, 1, 3, 1, 1, 8, 8, 3, 1, 6, 1, 6, 8, 1, 3, 1, 1, 6, 3, 9, 1, 8]
ideal_configuration : 
 [[3. 6. 8. 9. 0. 0.]
 [1. 3. 6. 8. 0. 0.]
 [1. 1. 3. 6. 8. 0.]
 [1. 1. 1. 3. 8. 8.]
 [1. 1. 1. 3. 6. 8.]]
Centroid : {6: (2.5, 2.25), 3: (1.8, 2.0), 8: (3.8333333333333335, 1.8333333333333333), 1: (0.7777777777777778, 1.1111111111111112), 9: (3.0, 4.0)}
Repeat number : 24
Original weight : [14.72, 8.94, 8.04, 8.7, 16.25, 17.89, 22.58, 11.29, 11.65, 15.55, 19.97, 8.04, 5.61, 13.76, 15.29, 16.08, 18.56, 6.33, 12.99, 9.1, 8.7, 20.41, 20.15, 15.81, 17.89]
Group : [2, 1, 3, 3, 0, 1, 0, 0, 3, 3, 1, 0, 2, 0, 2, 3, 0, 1, 0, 0, 2, 1, 3, 0, 3]
Sequence : [0, 0, 0, 0, 0, 0, 0, 0, 0, 0, 0, 0, 0, 0, 0, 1, 2, 3, 4, 5, 6, 7, 8, 9, 10]
Scroe : [214.72, 108.94, 308.04, 308.7, 16.25, 117.89, 22.58, 11.29, 311.65, 315.55, 119.97, 8.04, 205.61, 13.76, 215.29, 316.08, 18.56, 106.33, 12.99, 9.1, 208.7, 120.41, 320.15, 15.81, 317.89]
Time taken to solve the MIP model : 0.0150 seconds
---------------------------------
