Can't find feasible solution

Number of initial container : 15
Number of new container : 10
Total number of containers : 25
Level_num : 9
Container_level : [3, 6, 8, 3, 8, 1, 8, 8, 3, 3, 8, 9, 3, 1, 1, 3, 8, 8, 6, 3, 1, 1, 6, 3, 8]
ideal_configuration : 
 [[3. 6. 8. 9. 0. 0.]
 [3. 3. 8. 8. 0. 0.]
 [1. 3. 3. 8. 8. 0.]
 [1. 1. 3. 6. 8. 8.]
 [1. 1. 3. 3. 6. 8.]]
Centroid : {3: (1.375, 1.875), 6: (2.6666666666666665, 1.6666666666666667), 8: (3.5, 2.0), 1: (0.4, 0.8), 9: (3.0, 4.0)}
Repeat number : 15
Original weight : [15.41, 10.29, 6.6, 23.83, 22.51, 9.54, 23.5, 19.87, 11.58, 13.64, 16.53, 23.59, 23.87, 10.89, 16.22, 19.33, 16.98, 10.76, 23.63, 11.32, 17.82, 5.16, 23.01, 15.87, 18.17]
Group : [1, 2, 3, 1, 3, 0, 3, 3, 1, 1, 3, 3, 1, 0, 0, 1, 3, 3, 2, 1, 0, 0, 2, 1, 3]
Sequence : [0, 0, 0, 0, 0, 0, 0, 0, 0, 0, 0, 0, 0, 0, 0, 1, 2, 3, 4, 5, 6, 7, 8, 9, 10]
Scroe : [115.41, 210.29, 306.6, 123.83, 322.51, 9.54, 323.5, 319.87, 111.58, 113.64, 316.53, 323.59, 123.87, 10.89, 16.22, 119.33, 316.98, 310.76, 223.63, 111.32, 17.82, 5.16, 223.01, 115.87, 318.17]
Time taken to solve the MIP model : 0.0000 seconds
---------------------------------
