Can't find feasible solution

Number of initial container : 15
Number of new container : 10
Total number of containers : 25
Level_num : 9
Container_level : [3, 3, 1, 1, 1, 6, 6, 3, 8, 3, 3, 8, 6, 6, 1, 1, 9, 8, 3, 1, 1, 6, 3, 1, 8]
ideal_configuration : 
 [[3. 6. 8. 9. 0. 0.]
 [1. 3. 6. 8. 0. 0.]
 [1. 1. 3. 6. 8. 0.]
 [1. 1. 3. 3. 6. 8.]
 [1. 1. 1. 3. 3. 6.]]
Centroid : {3: (2.142857142857143, 1.5714285714285714), 1: (0.625, 1.125), 6: (3.0, 2.0), 8: (3.5, 2.5), 9: (3.0, 4.0)}
Repeat number : 14
Original weight : [9.55, 17.72, 15.02, 15.44, 15.56, 17.25, 13.9, 12.28, 12.53, 15.7, 16.16, 21.21, 11.65, 15.04, 5.21, 12.8, 22.61, 16.69, 13.55, 18.52, 12.22, 13.65, 19.48, 8.0, 9.64]
Group : [1, 1, 0, 0, 0, 2, 2, 1, 3, 1, 1, 3, 2, 2, 0, 0, 3, 3, 1, 0, 0, 2, 1, 0, 3]
Sequence : [0, 0, 0, 0, 0, 0, 0, 0, 0, 0, 0, 0, 0, 0, 0, 1, 2, 3, 4, 5, 6, 7, 8, 9, 10]
Scroe : [109.55, 117.72, 15.02, 15.44, 15.56, 217.25, 213.9, 112.28, 312.53, 115.7, 116.16, 321.21, 211.65, 215.04, 5.21, 12.8, 322.61, 316.69, 113.55, 18.52, 12.22, 213.65, 119.48, 8.0, 309.64]
Time taken to solve the MIP model : 0.0000 seconds
---------------------------------
