Can't find feasible solution

Number of initial container : 15
Number of new container : 10
Total number of containers : 25
Level_num : 9
Container_level : [3, 6, 3, 6, 8, 6, 1, 1, 3, 3, 9, 3, 8, 8, 3, 6, 8, 3, 3, 6, 3, 8, 8, 8, 1]
ideal_configuration : 
 [[3. 6. 8. 9. 0. 0.]
 [3. 3. 6. 8. 0. 0.]
 [3. 3. 6. 8. 8. 0.]
 [1. 3. 3. 6. 8. 8.]
 [1. 1. 3. 3. 6. 8.]]
Centroid : {3: (1.1111111111111112, 1.7777777777777777), 6: (2.4, 2.0), 8: (3.7142857142857144, 1.8571428571428572), 1: (0.3333333333333333, 0.3333333333333333), 9: (3.0, 4.0)}
Repeat number : 23
Original weight : [17.47, 7.49, 10.38, 17.8, 13.0, 6.49, 13.49, 11.9, 7.52, 19.23, 21.99, 11.23, 16.92, 12.23, 14.84, 21.12, 11.13, 9.82, 10.99, 14.39, 22.35, 19.83, 11.94, 11.98, 19.54]
Group : [1, 2, 1, 2, 3, 2, 0, 0, 1, 1, 3, 1, 3, 3, 1, 2, 3, 1, 1, 2, 1, 3, 3, 3, 0]
Sequence : [0, 0, 0, 0, 0, 0, 0, 0, 0, 0, 0, 0, 0, 0, 0, 1, 2, 3, 4, 5, 6, 7, 8, 9, 10]
Scroe : [117.47, 207.49, 110.38, 217.8, 313.0, 206.49, 13.49, 11.9, 107.52, 119.23, 321.99, 111.23, 316.92, 312.23, 114.84, 221.12, 311.13, 109.82, 110.99, 214.39, 122.35, 319.83, 311.94, 311.98, 19.54]
Time taken to solve the MIP model : 0.0023 seconds
---------------------------------
