Can't find feasible solution

Number of initial container : 15
Number of new container : 10
Total number of containers : 25
Level_num : 9
Container_level : [8, 3, 1, 1, 1, 6, 1, 9, 3, 3, 8, 1, 6, 6, 1, 3, 1, 8, 3, 8, 6, 6, 6, 3, 3]
ideal_configuration : 
 [[3. 6. 8. 9. 0. 0.]
 [1. 3. 6. 8. 0. 0.]
 [1. 3. 3. 6. 8. 0.]
 [1. 1. 3. 3. 6. 8.]
 [1. 1. 1. 3. 6. 6.]]
Centroid : {8: (3.5, 2.5), 3: (1.7142857142857142, 1.8571428571428572), 1: (0.5714285714285714, 1.0), 6: (3.1666666666666665, 1.6666666666666667), 9: (3.0, 4.0)}
Repeat number : 28
Original weight : [14.69, 9.89, 6.24, 12.56, 22.06, 13.61, 13.87, 19.49, 19.71, 5.11, 9.5, 19.51, 23.14, 19.12, 13.77, 11.92, 12.15, 14.14, 16.62, 8.81, 21.32, 13.24, 5.26, 15.45, 10.29]
Group : [3, 1, 0, 0, 0, 2, 0, 3, 1, 1, 3, 0, 2, 2, 0, 1, 0, 3, 1, 3, 2, 2, 2, 1, 1]
Sequence : [0, 0, 0, 0, 0, 0, 0, 0, 0, 0, 0, 0, 0, 0, 0, 1, 2, 3, 4, 5, 6, 7, 8, 9, 10]
Scroe : [314.69, 109.89, 6.24, 12.56, 22.06, 213.61, 13.87, 319.49, 119.71000000000001, 105.11, 309.5, 19.51, 223.14, 219.12, 13.77, 111.92, 12.15, 314.14, 116.62, 308.81, 221.32, 213.24, 205.26, 115.45, 110.28999999999999]
Time taken to solve the MIP model : 0.0000 seconds
---------------------------------
