Can't find feasible solution

Number of initial container : 15
Number of new container : 10
Total number of containers : 25
Level_num : 9
Container_level : [6, 8, 8, 6, 1, 6, 8, 9, 6, 6, 6, 6, 3, 5, 8, 8, 1, 1, 1, 1, 6, 1, 3, 1, 3]
ideal_configuration : 
 [[5. 6. 8. 9. 0. 0.]
 [1. 6. 6. 8. 0. 0.]
 [1. 3. 6. 6. 8. 0.]
 [1. 1. 3. 6. 6. 8.]
 [1. 1. 1. 3. 6. 8.]]
Centroid : {6: (2.5, 2.0), 8: (3.8, 2.0), 1: (0.5714285714285714, 1.0), 9: (3.0, 4.0), 3: (2.0, 1.0), 5: (0.0, 4.0)}
Repeat number : 18
Original weight : [7.55, 12.02, 19.37, 22.39, 17.59, 11.66, 10.92, 23.72, 22.09, 7.71, 15.1, 19.73, 7.97, 6.15, 13.13, 20.39, 22.35, 18.97, 23.37, 15.53, 19.22, 21.78, 12.02, 12.6, 11.9]
Group : [2, 3, 3, 2, 0, 2, 3, 3, 2, 2, 2, 2, 1, 2, 3, 3, 0, 0, 0, 0, 2, 0, 1, 0, 1]
Sequence : [0, 0, 0, 0, 0, 0, 0, 0, 0, 0, 0, 0, 0, 0, 0, 1, 2, 3, 4, 5, 6, 7, 8, 9, 10]
Scroe : [207.55, 312.02, 319.37, 222.39, 17.59, 211.66, 310.92, 323.72, 222.09, 207.71, 215.1, 219.73, 107.97, 206.15, 313.13, 320.39, 22.35, 18.97, 23.37, 15.53, 219.22, 21.78, 112.02, 12.6, 111.9]
Time taken to solve the MIP model : 0.0059 seconds
---------------------------------
