Can't find feasible solution

Number of initial container : 15
Number of new container : 10
Total number of containers : 25
Level_num : 9
Container_level : [3, 3, 3, 6, 6, 8, 8, 1, 6, 3, 1, 6, 1, 1, 3, 1, 3, 6, 3, 6, 9, 3, 8, 1, 8]
ideal_configuration : 
 [[3. 6. 8. 9. 0. 0.]
 [3. 3. 6. 8. 0. 0.]
 [1. 3. 3. 6. 8. 0.]
 [1. 1. 3. 3. 6. 8.]
 [1. 1. 1. 3. 6. 6.]]
Centroid : {3: (1.5, 2.0), 6: (3.1666666666666665, 1.6666666666666667), 8: (3.5, 2.5), 1: (0.6666666666666666, 0.6666666666666666), 9: (3.0, 4.0)}
Repeat number : 7
Original weight : [16.5, 19.6, 23.54, 18.67, 9.2, 14.22, 9.96, 19.61, 10.59, 22.38, 5.14, 10.74, 6.71, 17.37, 5.34, 19.08, 23.1, 13.2, 20.68, 9.81, 23.83, 19.61, 8.89, 22.8, 7.15]
Group : [1, 1, 1, 2, 2, 3, 3, 0, 2, 1, 0, 2, 0, 0, 1, 0, 1, 2, 1, 2, 3, 1, 3, 0, 3]
Sequence : [0, 0, 0, 0, 0, 0, 0, 0, 0, 0, 0, 0, 0, 0, 0, 1, 2, 3, 4, 5, 6, 7, 8, 9, 10]
Scroe : [116.5, 119.6, 123.53999999999999, 218.67000000000002, 209.2, 314.22, 309.96, 19.61, 210.59, 122.38, 5.14, 210.74, 6.71, 17.37, 105.34, 19.08, 123.1, 213.2, 120.68, 209.81, 323.83, 119.61, 308.89, 22.8, 307.15]
Time taken to solve the MIP model : 0.0156 seconds
---------------------------------
