Can't find feasible solution

Number of initial container : 15
Number of new container : 10
Total number of containers : 25
Level_num : 9
Container_level : [9, 3, 3, 3, 1, 1, 6, 6, 3, 1, 6, 3, 6, 1, 8, 3, 6, 1, 3, 1, 1, 3, 3, 3, 1]
ideal_configuration : 
 [[3. 3. 6. 9. 0. 0.]
 [1. 3. 3. 6. 0. 0.]
 [1. 1. 3. 3. 6. 0.]
 [1. 1. 3. 3. 6. 8.]
 [1. 1. 1. 3. 3. 6.]]
Centroid : {9: (3.0, 4.0), 3: (2.1, 2.0), 1: (0.625, 1.125), 6: (3.6, 2.0), 8: (5.0, 1.0)}
Repeat number : 1
Original weight : [13.47, 13.99, 10.86, 22.03, 11.16, 19.7, 8.77, 10.52, 15.93, 18.73, 5.43, 18.01, 16.19, 14.96, 8.66, 19.55, 7.34, 17.47, 19.26, 15.15, 23.28, 17.94, 19.67, 9.3, 13.51]
Group : [3, 1, 1, 1, 0, 0, 2, 2, 1, 0, 2, 1, 2, 0, 3, 1, 2, 0, 1, 0, 0, 1, 1, 1, 0]
Sequence : [0, 0, 0, 0, 0, 0, 0, 0, 0, 0, 0, 0, 0, 0, 0, 1, 2, 3, 4, 5, 6, 7, 8, 9, 10]
Scroe : [313.47, 113.99, 110.86, 122.03, 11.16, 19.7, 208.77, 210.52, 115.93, 18.73, 205.43, 118.01, 216.19, 14.96, 308.66, 119.55, 207.34, 17.47, 119.26, 15.15, 23.28, 117.94, 119.67, 109.3, 13.51]
Time taken to solve the MIP model : 0.0070 seconds
---------------------------------
