Can't find feasible solution

Number of initial container : 15
Number of new container : 10
Total number of containers : 25
Level_num : 9
Container_level : [8, 8, 3, 3, 8, 8, 3, 6, 9, 3, 6, 1, 6, 3, 1, 1, 8, 1, 3, 3, 8, 8, 1, 1, 6]
ideal_configuration : 
 [[3. 6. 8. 9. 0. 0.]
 [3. 3. 6. 8. 0. 0.]
 [1. 3. 3. 8. 8. 0.]
 [1. 1. 3. 6. 8. 8.]
 [1. 1. 1. 3. 6. 8.]]
Centroid : {8: (3.7142857142857144, 1.8571428571428572), 3: (1.2857142857142858, 2.142857142857143), 6: (2.5, 2.0), 9: (3.0, 4.0), 1: (0.6666666666666666, 0.6666666666666666)}
Repeat number : 27
Original weight : [19.02, 16.2, 19.01, 23.8, 22.53, 9.78, 6.88, 6.69, 23.17, 12.03, 8.13, 10.9, 7.3, 13.96, 22.38, 9.29, 18.77, 21.25, 21.02, 17.01, 7.02, 16.35, 7.13, 18.48, 8.89]
Group : [3, 3, 1, 1, 3, 3, 1, 2, 3, 1, 2, 0, 2, 1, 0, 0, 3, 0, 1, 1, 3, 3, 0, 0, 2]
Sequence : [0, 0, 0, 0, 0, 0, 0, 0, 0, 0, 0, 0, 0, 0, 0, 1, 2, 3, 4, 5, 6, 7, 8, 9, 10]
Scroe : [319.02, 316.2, 119.01, 123.8, 322.53, 309.78, 106.88, 206.69, 323.17, 112.03, 208.13, 10.9, 207.3, 113.96000000000001, 22.38, 9.29, 318.77, 21.25, 121.02, 117.01, 307.02, 316.35, 7.13, 18.48, 208.89]
Time taken to solve the MIP model : 0.0125 seconds
---------------------------------
