Can't find feasible solution

Number of initial container : 7
Number of new container : 18
Total number of containers : 25
Level_num : 9
Container_level : [8, 1, 8, 3, 9, 8, 3, 6, 8, 8, 1, 6, 6, 8, 3, 6, 6, 3, 1, 1, 8, 3, 1, 8, 8]
ideal_configuration : 
 [[6. 8. 8. 9. 0. 0.]
 [3. 6. 8. 8. 0. 0.]
 [1. 3. 6. 8. 8. 0.]
 [1. 1. 3. 6. 8. 8.]
 [1. 1. 3. 3. 6. 8.]]
Centroid : {8: (3.2222222222222223, 2.2222222222222223), 1: (0.4, 0.8), 3: (1.6, 1.2), 9: (3.0, 4.0), 6: (2.0, 2.0)}
Repeat number : 29
Original weight : [20.86, 12.4, 13.47, 18.8, 21.23, 18.25, 9.45, 15.69, 15.97, 10.1, 19.99, 11.17, 11.02, 5.99, 20.05, 14.17, 9.29, 10.56, 14.28, 13.43, 10.73, 17.2, 23.71, 9.33, 5.87]
Group : [3, 0, 3, 1, 3, 3, 1, 2, 3, 3, 0, 2, 2, 3, 1, 2, 2, 1, 0, 0, 3, 1, 0, 3, 3]
Sequence : [0, 0, 0, 0, 0, 0, 0, 1, 2, 3, 4, 5, 6, 7, 8, 9, 10, 11, 12, 13, 14, 15, 16, 17, 18]
Scroe : [320.86, 12.4, 313.47, 118.8, 321.23, 318.25, 109.45, 215.69, 315.97, 310.1, 19.99, 211.17, 211.02, 305.99, 120.05, 214.17, 209.29, 110.56, 14.28, 13.43, 310.73, 117.2, 23.71, 309.33, 305.87]
Time taken to solve the MIP model : 0.0329 seconds
---------------------------------
