Can't find feasible solution

Number of initial container : 7
Number of new container : 18
Total number of containers : 25
Level_num : 9
Container_level : [1, 1, 6, 3, 8, 1, 6, 1, 1, 3, 8, 3, 8, 9, 8, 6, 6, 6, 3, 6, 1, 8, 3, 1, 8]
ideal_configuration : 
 [[3. 6. 8. 9. 0. 0.]
 [1. 3. 6. 8. 0. 0.]
 [1. 3. 6. 6. 8. 0.]
 [1. 1. 3. 6. 8. 8.]
 [1. 1. 1. 3. 6. 8.]]
Centroid : {1: (0.5714285714285714, 1.0), 6: (2.5, 2.0), 3: (1.4, 2.0), 8: (3.8333333333333335, 1.8333333333333333), 9: (3.0, 4.0)}
Repeat number : 22
Original weight : [11.16, 17.6, 16.98, 7.78, 16.57, 14.23, 13.47, 21.11, 23.92, 11.44, 16.83, 12.57, 12.24, 20.47, 15.83, 10.71, 16.1, 23.67, 10.45, 13.45, 23.88, 17.77, 22.74, 10.93, 14.73]
Group : [0, 0, 2, 1, 3, 0, 2, 0, 0, 1, 3, 1, 3, 3, 3, 2, 2, 2, 1, 2, 0, 3, 1, 0, 3]
Sequence : [0, 0, 0, 0, 0, 0, 0, 1, 2, 3, 4, 5, 6, 7, 8, 9, 10, 11, 12, 13, 14, 15, 16, 17, 18]
Scroe : [11.16, 17.6, 216.98, 107.78, 316.57, 14.23, 213.47, 21.11, 23.92, 111.44, 316.83, 112.57, 312.24, 320.47, 315.83, 210.71, 216.1, 223.67000000000002, 110.45, 213.45, 23.88, 317.77, 122.74, 10.93, 314.73]
Time taken to solve the MIP model : 0.0060 seconds
---------------------------------
