Can't find feasible solution

Number of initial container : 7
Number of new container : 18
Total number of containers : 25
Level_num : 9
Container_level : [1, 1, 1, 8, 6, 6, 3, 1, 8, 3, 3, 1, 1, 8, 1, 3, 6, 8, 1, 6, 1, 6, 8, 9, 1]
ideal_configuration : 
 [[3. 6. 8. 9. 0. 0.]
 [1. 3. 6. 8. 0. 0.]
 [1. 1. 3. 6. 8. 0.]
 [1. 1. 1. 3. 6. 8.]
 [1. 1. 1. 1. 6. 8.]]
Centroid : {1: (1.0, 1.0), 8: (3.8, 2.0), 6: (2.8, 2.0), 3: (1.5, 2.5), 9: (3.0, 4.0)}
Repeat number : 20
Original weight : [10.36, 8.75, 7.1, 11.64, 14.8, 14.71, 17.13, 8.67, 8.58, 23.97, 8.01, 14.79, 19.91, 12.64, 16.59, 16.09, 9.11, 11.17, 13.05, 16.04, 14.41, 10.34, 11.73, 19.36, 11.19]
Group : [0, 0, 0, 3, 2, 2, 1, 0, 3, 1, 1, 0, 0, 3, 0, 1, 2, 3, 0, 2, 0, 2, 3, 3, 0]
Sequence : [0, 0, 0, 0, 0, 0, 0, 1, 2, 3, 4, 5, 6, 7, 8, 9, 10, 11, 12, 13, 14, 15, 16, 17, 18]
Scroe : [10.36, 8.75, 7.1, 311.64, 214.8, 214.71, 117.13, 8.67, 308.58, 123.97, 108.01, 14.79, 19.91, 312.64, 16.59, 116.09, 209.11, 311.17, 13.05, 216.04, 14.41, 210.34, 311.73, 319.36, 11.19]
Time taken to solve the MIP model : 0.0000 seconds
---------------------------------
