Can't find feasible solution

Number of initial container : 7
Number of new container : 18
Total number of containers : 25
Level_num : 9
Container_level : [3, 8, 6, 9, 8, 1, 1, 6, 6, 6, 8, 6, 8, 3, 8, 3, 8, 8, 3, 3, 3, 3, 1, 6, 1]
ideal_configuration : 
 [[3. 6. 8. 9. 0. 0.]
 [3. 6. 6. 8. 0. 0.]
 [1. 3. 6. 8. 8. 0.]
 [1. 3. 3. 6. 8. 8.]
 [1. 1. 3. 3. 6. 8.]]
Centroid : {3: (1.2857142857142858, 1.5714285714285714), 8: (3.7142857142857144, 1.8571428571428572), 6: (2.1666666666666665, 2.1666666666666665), 9: (3.0, 4.0), 1: (0.25, 0.75)}
Repeat number : 1
Original weight : [21.55, 16.43, 19.93, 20.17, 17.17, 11.34, 15.0, 6.22, 14.92, 18.68, 11.43, 6.85, 5.84, 21.84, 15.37, 17.06, 18.52, 5.54, 18.38, 10.98, 5.75, 20.44, 15.58, 11.6, 15.98]
Group : [1, 3, 2, 3, 3, 0, 0, 2, 2, 2, 3, 2, 3, 1, 3, 1, 3, 3, 1, 1, 1, 1, 0, 2, 0]
Sequence : [0, 0, 0, 0, 0, 0, 0, 1, 2, 3, 4, 5, 6, 7, 8, 9, 10, 11, 12, 13, 14, 15, 16, 17, 18]
Scroe : [121.55, 316.43, 219.93, 320.17, 317.17, 11.34, 15.0, 206.22, 214.92, 218.68, 311.43, 206.85, 305.84, 121.84, 315.37, 117.06, 318.52, 305.54, 118.38, 110.98, 105.75, 120.44, 15.58, 211.6, 15.98]
Time taken to solve the MIP model : 0.0176 seconds
---------------------------------
