Can't find feasible solution

Number of initial container : 7
Number of new container : 18
Total number of containers : 25
Level_num : 9
Container_level : [8, 1, 3, 6, 8, 8, 3, 1, 6, 3, 3, 3, 8, 6, 6, 8, 1, 3, 6, 3, 1, 9, 8, 1, 3]
ideal_configuration : 
 [[3. 6. 8. 9. 0. 0.]
 [3. 3. 6. 8. 0. 0.]
 [1. 3. 3. 6. 8. 0.]
 [1. 1. 3. 6. 8. 8.]
 [1. 1. 3. 3. 6. 8.]]
Centroid : {8: (3.8333333333333335, 1.8333333333333333), 1: (0.4, 0.8), 3: (1.375, 1.875), 6: (2.6, 2.0), 9: (3.0, 4.0)}
Repeat number : 15
Original weight : [5.0, 19.46, 11.18, 23.87, 5.31, 5.07, 9.73, 7.51, 10.05, 21.13, 18.11, 11.28, 10.35, 15.07, 7.49, 18.56, 15.27, 12.58, 20.3, 8.08, 14.0, 23.63, 11.43, 10.16, 5.42]
Group : [3, 0, 1, 2, 3, 3, 1, 0, 2, 1, 1, 1, 3, 2, 2, 3, 0, 1, 2, 1, 0, 3, 3, 0, 1]
Sequence : [0, 0, 0, 0, 0, 0, 0, 1, 2, 3, 4, 5, 6, 7, 8, 9, 10, 11, 12, 13, 14, 15, 16, 17, 18]
Scroe : [305.0, 19.46, 111.18, 223.87, 305.31, 305.07, 109.73, 7.51, 210.05, 121.13, 118.11, 111.28, 310.35, 215.07, 207.49, 318.56, 15.27, 112.58, 220.3, 108.08, 14.0, 323.63, 311.43, 10.16, 105.42]
Time taken to solve the MIP model : 0.0000 seconds
---------------------------------
