Can't find feasible solution

Number of initial container : 7
Number of new container : 18
Total number of containers : 25
Level_num : 9
Container_level : [8, 8, 8, 3, 6, 6, 1, 6, 6, 6, 3, 6, 8, 8, 8, 1, 9, 3, 3, 1, 6, 6, 1, 6, 6]
ideal_configuration : 
 [[6. 6. 8. 9. 0. 0.]
 [3. 6. 6. 8. 0. 0.]
 [1. 3. 6. 6. 8. 0.]
 [1. 3. 6. 6. 8. 8.]
 [1. 1. 3. 6. 6. 8.]]
Centroid : {8: (3.8333333333333335, 1.8333333333333333), 3: (1.0, 1.5), 6: (2.1, 2.0), 1: (0.25, 0.75), 9: (3.0, 4.0)}
Repeat number : 28
Original weight : [17.16, 16.43, 14.5, 20.31, 10.56, 20.58, 14.29, 23.01, 20.96, 8.69, 8.46, 16.8, 15.65, 16.83, 6.78, 13.64, 20.0, 14.67, 9.05, 11.46, 21.0, 11.77, 16.89, 18.01, 22.44]
Group : [3, 3, 3, 1, 2, 2, 0, 2, 2, 2, 1, 2, 3, 3, 3, 0, 3, 1, 1, 0, 2, 2, 0, 2, 2]
Sequence : [0, 0, 0, 0, 0, 0, 0, 1, 2, 3, 4, 5, 6, 7, 8, 9, 10, 11, 12, 13, 14, 15, 16, 17, 18]
Scroe : [317.16, 316.43, 314.5, 120.31, 210.56, 220.57999999999998, 14.29, 223.01, 220.96, 208.69, 108.46000000000001, 216.8, 315.65, 316.83, 306.78, 13.64, 320.0, 114.67, 109.05, 11.46, 221.0, 211.77, 16.89, 218.01, 222.44]
Time taken to solve the MIP model : 0.0084 seconds
---------------------------------
