Can't find feasible solution

Number of initial container : 7
Number of new container : 18
Total number of containers : 25
Level_num : 9
Container_level : [3, 3, 3, 6, 9, 1, 3, 6, 6, 3, 3, 1, 6, 8, 1, 3, 3, 6, 8, 8, 1, 3, 1, 3, 3]
ideal_configuration : 
 [[3. 3. 6. 9. 0. 0.]
 [3. 3. 6. 8. 0. 0.]
 [1. 3. 3. 6. 8. 0.]
 [1. 1. 3. 3. 6. 8.]
 [1. 1. 3. 3. 3. 6.]]
Centroid : {3: (1.7272727272727273, 1.8181818181818181), 6: (3.2, 2.0), 9: (3.0, 4.0), 1: (0.4, 0.8), 8: (4.0, 2.0)}
Repeat number : 23
Original weight : [18.11, 19.91, 18.12, 17.43, 23.75, 7.64, 17.66, 7.78, 16.76, 6.77, 12.33, 23.75, 15.17, 19.24, 6.76, 13.57, 8.27, 6.77, 15.71, 14.53, 11.38, 23.76, 5.49, 15.69, 13.81]
Group : [1, 1, 1, 2, 3, 0, 1, 2, 2, 1, 1, 0, 2, 3, 0, 1, 1, 2, 3, 3, 0, 1, 0, 1, 1]
Sequence : [0, 0, 0, 0, 0, 0, 0, 1, 2, 3, 4, 5, 6, 7, 8, 9, 10, 11, 12, 13, 14, 15, 16, 17, 18]
Scroe : [118.11, 119.91, 118.12, 217.43, 323.75, 7.64, 117.66, 207.78, 216.76, 106.77, 112.33, 23.75, 215.17, 319.24, 6.76, 113.57, 108.27, 206.77, 315.71, 314.53, 11.38, 123.76, 5.49, 115.69, 113.81]
Time taken to solve the MIP model : 0.0090 seconds
---------------------------------
