Can't find feasible solution

Number of initial container : 7
Number of new container : 18
Total number of containers : 25
Level_num : 9
Container_level : [6, 3, 3, 1, 6, 6, 1, 8, 1, 9, 3, 6, 8, 1, 1, 6, 6, 6, 3, 1, 8, 6, 1, 8, 6]
ideal_configuration : 
 [[3. 6. 8. 9. 0. 0.]
 [1. 6. 6. 8. 0. 0.]
 [1. 3. 6. 6. 8. 0.]
 [1. 1. 3. 6. 6. 8.]
 [1. 1. 1. 3. 6. 6.]]
Centroid : {6: (2.7777777777777777, 1.7777777777777777), 3: (1.5, 1.75), 1: (0.5714285714285714, 1.0), 8: (3.5, 2.5), 9: (3.0, 4.0)}
Repeat number : 6
Original weight : [14.04, 17.44, 14.46, 6.95, 5.88, 14.58, 18.46, 21.71, 7.27, 21.76, 22.07, 8.74, 9.63, 17.65, 21.18, 12.25, 20.09, 20.08, 17.04, 6.84, 9.68, 6.38, 18.47, 7.78, 18.54]
Group : [2, 1, 1, 0, 2, 2, 0, 3, 0, 3, 1, 2, 3, 0, 0, 2, 2, 2, 1, 0, 3, 2, 0, 3, 2]
Sequence : [0, 0, 0, 0, 0, 0, 0, 1, 2, 3, 4, 5, 6, 7, 8, 9, 10, 11, 12, 13, 14, 15, 16, 17, 18]
Scroe : [214.04, 117.44, 114.46000000000001, 6.95, 205.88, 214.58, 18.46, 321.71, 7.27, 321.76, 122.07, 208.74, 309.63, 17.65, 21.18, 212.25, 220.09, 220.07999999999998, 117.03999999999999, 6.84, 309.68, 206.38, 18.47, 307.78, 218.54]
Time taken to solve the MIP model : 0.0172 seconds
---------------------------------
