Can't find feasible solution

Number of initial container : 7
Number of new container : 18
Total number of containers : 25
Level_num : 9
Container_level : [3, 3, 6, 9, 3, 1, 6, 6, 8, 1, 6, 8, 8, 3, 1, 3, 8, 6, 6, 6, 1, 3, 8, 6, 3]
ideal_configuration : 
 [[3. 6. 8. 9. 0. 0.]
 [3. 6. 6. 8. 0. 0.]
 [1. 3. 6. 6. 8. 0.]
 [1. 3. 3. 6. 6. 8.]
 [1. 1. 3. 3. 6. 8.]]
Centroid : {3: (1.2857142857142858, 1.5714285714285714), 6: (2.5, 2.0), 9: (3.0, 4.0), 1: (0.25, 0.75), 8: (3.8, 2.0)}
Repeat number : 17
Original weight : [14.28, 16.25, 17.72, 23.39, 10.86, 5.97, 13.28, 17.84, 10.33, 8.6, 13.86, 20.54, 7.96, 23.94, 18.53, 12.07, 10.12, 18.99, 11.47, 12.38, 10.08, 9.35, 10.92, 23.28, 17.0]
Group : [1, 1, 2, 3, 1, 0, 2, 2, 3, 0, 2, 3, 3, 1, 0, 1, 3, 2, 2, 2, 0, 1, 3, 2, 1]
Sequence : [0, 0, 0, 0, 0, 0, 0, 1, 2, 3, 4, 5, 6, 7, 8, 9, 10, 11, 12, 13, 14, 15, 16, 17, 18]
Scroe : [114.28, 116.25, 217.72, 323.39, 110.86, 5.97, 213.28, 217.84, 310.33, 8.6, 213.86, 320.54, 307.96, 123.94, 18.53, 112.07, 310.12, 218.99, 211.47, 212.38, 10.08, 109.35, 310.92, 223.28, 117.0]
Time taken to solve the MIP model : 0.0080 seconds
---------------------------------
