Can't find feasible solution

Number of initial container : 10
Number of new container : 10
Total number of containers : 20
Level_num : 9
Container_level : [3, 7, 6, 1, 1, 4, 2, 3, 7, 6, 1, 4, 5, 5, 8, 6, 5, 7, 2, 6]
ideal_configuration : 
 [[6. 0. 0. 0. 0. 0. 0. 0. 0. 0.]
 [5. 7. 0. 0. 0. 0. 0. 0. 0. 0.]
 [3. 5. 7. 0. 0. 0. 0. 0. 0. 0.]
 [2. 4. 6. 7. 0. 0. 0. 0. 0. 0.]
 [1. 2. 4. 6. 8. 0. 0. 0. 0. 0.]
 [1. 1. 3. 5. 6. 0. 0. 0. 0. 0.]]
Centroid : {3: (2.0, 1.5), 7: (3.0, 3.0), 6: (3.25, 2.0), 1: (1.3333333333333333, 0.3333333333333333), 4: (2.5, 1.5), 2: (1.5, 1.5), 5: (2.3333333333333335, 2.3333333333333335), 8: (5.0, 1.0)}
Repeat number : 17
Original weight : [10.89, 20.68, 17.6, 5.99, 8.06, 13.8, 9.4, 11.32, 19.12, 17.76, 6.46, 13.93, 14.54, 15.69, 22.98, 18.52, 15.76, 20.05, 8.47, 17.48]
Group : [0, 0, 0, 0, 0, 0, 0, 0, 0, 0, 0, 0, 0, 0, 0, 0, 0, 0, 0, 0]
Sequence : [0, 0, 0, 0, 0, 0, 0, 0, 0, 0, 1, 2, 3, 4, 5, 6, 7, 8, 9, 10]
Scroe : [10.89, 20.68, 17.6, 5.99, 8.06, 13.8, 9.4, 11.32, 19.12, 17.76, 6.46, 13.93, 14.54, 15.69, 22.98, 18.52, 15.76, 20.05, 8.47, 17.48]
Time taken to solve the MIP model : 0.1457 seconds
---------------------------------
