Can't find feasible solution

Number of initial container : 10
Number of new container : 10
Total number of containers : 20
Level_num : 9
Container_level : [8, 8, 1, 8, 6, 3, 1, 9, 7, 2, 6, 7, 1, 2, 2, 8, 2, 6, 6, 2]
ideal_configuration : 
 [[8. 0. 0. 0. 0. 0. 0. 0. 0. 0.]
 [6. 8. 0. 0. 0. 0. 0. 0. 0. 0.]
 [2. 6. 8. 0. 0. 0. 0. 0. 0. 0.]
 [2. 2. 6. 8. 0. 0. 0. 0. 0. 0.]
 [1. 2. 3. 7. 9. 0. 0. 0. 0. 0.]
 [1. 1. 2. 6. 7. 0. 0. 0. 0. 0.]]
Centroid : {8: (2.5, 3.5), 1: (1.3333333333333333, 0.3333333333333333), 6: (2.5, 2.25), 3: (3.0, 1.0), 9: (5.0, 1.0), 7: (4.5, 0.5), 2: (1.8, 1.6)}
Repeat number : 9
Original weight : [23.06, 23.01, 5.45, 23.48, 18.62, 10.39, 6.77, 23.91, 21.37, 9.88, 17.79, 19.79, 5.75, 8.6, 9.16, 22.02, 9.85, 18.16, 17.32, 9.96]
Group : [0, 0, 0, 0, 0, 0, 0, 0, 0, 0, 0, 0, 0, 0, 0, 0, 0, 0, 0, 0]
Sequence : [0, 0, 0, 0, 0, 0, 0, 0, 0, 0, 1, 2, 3, 4, 5, 6, 7, 8, 9, 10]
Scroe : [23.06, 23.01, 5.45, 23.48, 18.62, 10.39, 6.77, 23.91, 21.37, 9.88, 17.79, 19.79, 5.75, 8.6, 9.16, 22.02, 9.85, 18.16, 17.32, 9.96]
Time taken to solve the MIP model : 0.0728 seconds
---------------------------------
