Can't find feasible solution

Number of initial container : 10
Number of new container : 10
Total number of containers : 20
Level_num : 9
Container_level : [7, 2, 5, 1, 5, 3, 9, 2, 2, 1, 5, 4, 5, 8, 4, 2, 1, 4, 4, 6]
ideal_configuration : 
 [[5. 0. 0. 0. 0. 0. 0. 0. 0. 0.]
 [4. 6. 0. 0. 0. 0. 0. 0. 0. 0.]
 [2. 4. 7. 0. 0. 0. 0. 0. 0. 0.]
 [2. 3. 5. 8. 0. 0. 0. 0. 0. 0.]
 [1. 2. 4. 5. 9. 0. 0. 0. 0. 0.]
 [1. 1. 2. 4. 5. 0. 0. 0. 0. 0.]]
Centroid : {7: (3.0, 3.0), 2: (1.75, 1.5), 5: (3.25, 2.0), 1: (1.3333333333333333, 0.3333333333333333), 3: (2.0, 2.0), 9: (5.0, 1.0), 4: (2.5, 2.0), 8: (4.0, 2.0), 6: (2.0, 4.0)}
Repeat number : 2
Original weight : [20.32, 9.47, 15.84, 5.52, 15.31, 10.12, 23.35, 8.31, 9.89, 6.07, 16.39, 13.79, 15.08, 21.53, 13.69, 8.1, 6.82, 12.52, 13.97, 16.84]
Group : [0, 0, 0, 0, 0, 0, 0, 0, 0, 0, 0, 0, 0, 0, 0, 0, 0, 0, 0, 0]
Sequence : [0, 0, 0, 0, 0, 0, 0, 0, 0, 0, 1, 2, 3, 4, 5, 6, 7, 8, 9, 10]
Scroe : [20.32, 9.47, 15.84, 5.52, 15.31, 10.12, 23.35, 8.31, 9.89, 6.07, 16.39, 13.79, 15.08, 21.53, 13.69, 8.1, 6.82, 12.52, 13.97, 16.84]
Time taken to solve the MIP model : 0.0309 seconds
---------------------------------
