Can't find feasible solution

Number of initial container : 10
Number of new container : 10
Total number of containers : 20
Level_num : 9
Container_level : [6, 5, 5, 1, 8, 4, 7, 7, 8, 6, 5, 9, 5, 8, 3, 2, 7, 8, 6, 5]
ideal_configuration : 
 [[8. 0. 0. 0. 0. 0. 0. 0. 0. 0.]
 [6. 8. 0. 0. 0. 0. 0. 0. 0. 0.]
 [5. 6. 8. 0. 0. 0. 0. 0. 0. 0.]
 [4. 5. 7. 8. 0. 0. 0. 0. 0. 0.]
 [2. 5. 5. 7. 9. 0. 0. 0. 0. 0.]
 [1. 3. 5. 6. 7. 0. 0. 0. 0. 0.]]
Centroid : {6: (2.3333333333333335, 2.3333333333333335), 5: (2.2, 1.4), 1: (1.0, 0.0), 8: (2.5, 3.5), 4: (1.0, 2.0), 7: (4.0, 1.0), 9: (5.0, 1.0), 3: (2.0, 0.0), 2: (1.0, 1.0)}
Repeat number : 24
Original weight : [17.54, 14.34, 16.2, 5.24, 22.85, 12.85, 20.19, 20.79, 21.65, 18.29, 15.11, 23.1, 14.46, 22.93, 11.06, 8.06, 20.34, 21.78, 17.56, 15.83]
Group : [0, 0, 0, 0, 0, 0, 0, 0, 0, 0, 0, 0, 0, 0, 0, 0, 0, 0, 0, 0]
Sequence : [0, 0, 0, 0, 0, 0, 0, 0, 0, 0, 1, 2, 3, 4, 5, 6, 7, 8, 9, 10]
Scroe : [17.54, 14.34, 16.2, 5.24, 22.85, 12.85, 20.19, 20.79, 21.65, 18.29, 15.11, 23.1, 14.46, 22.93, 11.06, 8.06, 20.34, 21.78, 17.56, 15.83]
Time taken to solve the MIP model : 0.0242 seconds
---------------------------------
