Can't find feasible solution

Number of initial container : 10
Number of new container : 10
Total number of containers : 20
Level_num : 9
Container_level : [3, 6, 2, 5, 1, 6, 2, 3, 4, 7, 8, 7, 9, 1, 7, 8, 6, 6, 8, 6]
ideal_configuration : 
 [[7. 0. 0. 0. 0. 0. 0. 0. 0. 0.]
 [6. 8. 0. 0. 0. 0. 0. 0. 0. 0.]
 [4. 6. 8. 0. 0. 0. 0. 0. 0. 0.]
 [2. 5. 6. 8. 0. 0. 0. 0. 0. 0.]
 [1. 3. 6. 7. 9. 0. 0. 0. 0. 0.]
 [1. 2. 3. 6. 7. 0. 0. 0. 0. 0.]]
Centroid : {3: (2.5, 0.5), 6: (2.6, 2.0), 2: (1.5, 1.0), 5: (2.0, 2.0), 1: (1.0, 0.5), 4: (1.0, 3.0), 7: (3.3333333333333335, 2.0), 8: (3.0, 3.0), 9: (5.0, 1.0)}
Repeat number : 6
Original weight : [10.78, 17.03, 8.4, 15.8, 5.02, 17.71, 9.36, 11.3, 12.21, 20.26, 23.24, 20.39, 23.76, 6.88, 21.26, 22.83, 18.22, 18.09, 22.15, 18.52]
Group : [0, 0, 0, 0, 0, 0, 0, 0, 0, 0, 0, 0, 0, 0, 0, 0, 0, 0, 0, 0]
Sequence : [0, 0, 0, 0, 0, 0, 0, 0, 0, 0, 1, 2, 3, 4, 5, 6, 7, 8, 9, 10]
Scroe : [10.78, 17.03, 8.4, 15.8, 5.02, 17.71, 9.36, 11.3, 12.21, 20.26, 23.24, 20.39, 23.76, 6.88, 21.26, 22.83, 18.22, 18.09, 22.15, 18.52]
Time taken to solve the MIP model : 0.0120 seconds
---------------------------------
