Can't find feasible solution

Number of initial container : 10
Number of new container : 10
Total number of containers : 20
Level_num : 9
Container_level : [7, 4, 2, 9, 1, 5, 8, 7, 1, 3, 6, 5, 5, 1, 6, 8, 6, 4, 7, 4]
ideal_configuration : 
 [[7. 0. 0. 0. 0. 0. 0. 0. 0. 0.]
 [5. 7. 0. 0. 0. 0. 0. 0. 0. 0.]
 [4. 6. 8. 0. 0. 0. 0. 0. 0. 0.]
 [2. 4. 6. 8. 0. 0. 0. 0. 0. 0.]
 [1. 3. 5. 6. 9. 0. 0. 0. 0. 0.]
 [1. 1. 4. 5. 7. 0. 0. 0. 0. 0.]]
Centroid : {7: (2.6666666666666665, 3.0), 4: (2.0, 1.6666666666666667), 2: (1.0, 2.0), 9: (5.0, 1.0), 1: (1.3333333333333333, 0.3333333333333333), 5: (2.6666666666666665, 1.6666666666666667), 8: (3.5, 2.5), 3: (2.0, 1.0), 6: (3.0, 2.0)}
Repeat number : 10
Original weight : [20.89, 14.16, 11.34, 23.91, 9.21, 16.29, 21.97, 21.56, 7.27, 13.24, 19.59, 15.92, 15.83, 8.07, 18.86, 23.06, 18.69, 14.05, 20.25, 15.45]
Group : [0, 0, 0, 0, 0, 0, 0, 0, 0, 0, 0, 0, 0, 0, 0, 0, 0, 0, 0, 0]
Sequence : [0, 0, 0, 0, 0, 0, 0, 0, 0, 0, 1, 2, 3, 4, 5, 6, 7, 8, 9, 10]
Scroe : [20.89, 14.16, 11.34, 23.91, 9.21, 16.29, 21.97, 21.56, 7.27, 13.24, 19.59, 15.92, 15.83, 8.07, 18.86, 23.06, 18.69, 14.05, 20.25, 15.45]
Time taken to solve the MIP model : 0.0120 seconds
---------------------------------
