Can't find feasible solution

Number of initial container : 10
Number of new container : 10
Total number of containers : 20
Level_num : 9
Container_level : [4, 8, 9, 6, 1, 8, 2, 1, 4, 5, 4, 5, 3, 5, 7, 6, 3, 8, 8, 1]
ideal_configuration : 
 [[8. 0. 0. 0. 0. 0. 0. 0. 0. 0.]
 [5. 8. 0. 0. 0. 0. 0. 0. 0. 0.]
 [4. 5. 8. 0. 0. 0. 0. 0. 0. 0.]
 [2. 4. 6. 8. 0. 0. 0. 0. 0. 0.]
 [1. 3. 4. 6. 9. 0. 0. 0. 0. 0.]
 [1. 1. 3. 5. 7. 0. 0. 0. 0. 0.]]
Centroid : {4: (2.0, 2.0), 8: (2.5, 3.5), 9: (5.0, 1.0), 6: (3.5, 1.5), 1: (1.3333333333333333, 0.3333333333333333), 2: (1.0, 2.0), 5: (2.3333333333333335, 2.3333333333333335), 3: (2.5, 0.5), 7: (5.0, 0.0)}
Repeat number : 20
Original weight : [12.76, 20.69, 22.09, 16.92, 6.69, 21.96, 8.46, 6.51, 13.74, 14.32, 13.91, 14.8, 11.44, 15.15, 19.74, 16.15, 12.18, 20.43, 21.57, 6.25]
Group : [0, 0, 0, 0, 0, 0, 0, 0, 0, 0, 0, 0, 0, 0, 0, 0, 0, 0, 0, 0]
Sequence : [0, 0, 0, 0, 0, 0, 0, 0, 0, 0, 1, 2, 3, 4, 5, 6, 7, 8, 9, 10]
Scroe : [12.76, 20.69, 22.09, 16.92, 6.69, 21.96, 8.46, 6.51, 13.74, 14.32, 13.91, 14.8, 11.44, 15.15, 19.74, 16.15, 12.18, 20.43, 21.57, 6.25]
Time taken to solve the MIP model : 0.0429 seconds
---------------------------------
