Can't find feasible solution

Number of initial container : 10
Number of new container : 10
Total number of containers : 20
Level_num : 9
Container_level : [1, 7, 8, 8, 8, 4, 1, 5, 1, 8, 3, 4, 5, 2, 8, 2, 8, 1, 4, 2]
ideal_configuration : 
 [[8. 0. 0. 0. 0. 0. 0. 0. 0. 0.]
 [4. 8. 0. 0. 0. 0. 0. 0. 0. 0.]
 [2. 5. 8. 0. 0. 0. 0. 0. 0. 0.]
 [1. 3. 5. 8. 0. 0. 0. 0. 0. 0.]
 [1. 2. 4. 7. 8. 0. 0. 0. 0. 0.]
 [1. 1. 2. 4. 8. 0. 0. 0. 0. 0.]]
Centroid : {1: (1.25, 0.75), 7: (4.0, 1.0), 8: (3.3333333333333335, 2.5), 4: (2.6666666666666665, 1.6666666666666667), 5: (2.5, 2.5), 3: (2.0, 2.0), 2: (2.0, 1.3333333333333333)}
Repeat number : 25
Original weight : [6.73, 19.71, 21.97, 23.73, 23.58, 14.37, 6.32, 14.83, 7.54, 21.81, 11.31, 12.54, 16.51, 8.78, 23.07, 8.95, 21.64, 5.49, 12.43, 9.43]
Group : [0, 0, 0, 0, 0, 0, 0, 0, 0, 0, 0, 0, 0, 0, 0, 0, 0, 0, 0, 0]
Sequence : [0, 0, 0, 0, 0, 0, 0, 0, 0, 0, 1, 2, 3, 4, 5, 6, 7, 8, 9, 10]
Scroe : [6.73, 19.71, 21.97, 23.73, 23.58, 14.37, 6.32, 14.83, 7.54, 21.81, 11.31, 12.54, 16.51, 8.78, 23.07, 8.95, 21.64, 5.49, 12.43, 9.43]
Time taken to solve the MIP model : 0.0130 seconds
---------------------------------
