Can't find feasible solution

Number of initial container : 10
Number of new container : 10
Total number of containers : 20
Level_num : 9
Container_level : [6, 1, 6, 4, 6, 1, 3, 6, 6, 8, 4, 1, 2, 4, 7, 9, 7, 1, 2, 3]
ideal_configuration : 
 [[6. 0. 0. 0. 0. 0. 0. 0. 0. 0.]
 [4. 7. 0. 0. 0. 0. 0. 0. 0. 0.]
 [3. 6. 7. 0. 0. 0. 0. 0. 0. 0.]
 [1. 3. 6. 8. 0. 0. 0. 0. 0. 0.]
 [1. 2. 4. 6. 9. 0. 0. 0. 0. 0.]
 [1. 1. 2. 4. 6. 0. 0. 0. 0. 0.]]
Centroid : {6: (3.0, 2.2), 1: (1.25, 0.75), 4: (2.6666666666666665, 1.6666666666666667), 3: (1.5, 2.5), 8: (4.0, 2.0), 2: (2.5, 0.5), 7: (2.5, 3.5), 9: (5.0, 1.0)}
Repeat number : 5
Original weight : [16.99, 6.9, 16.08, 13.35, 16.65, 5.67, 11.29, 16.75, 17.16, 19.9, 12.35, 6.25, 8.32, 11.67, 17.95, 21.44, 18.74, 6.34, 8.51, 10.71]
Group : [0, 0, 0, 0, 0, 0, 0, 0, 0, 0, 0, 0, 0, 0, 0, 0, 0, 0, 0, 0]
Sequence : [0, 0, 0, 0, 0, 0, 0, 0, 0, 0, 1, 2, 3, 4, 5, 6, 7, 8, 9, 10]
Scroe : [16.99, 6.9, 16.08, 13.35, 16.65, 5.67, 11.29, 16.75, 17.16, 19.9, 12.35, 6.25, 8.32, 11.67, 17.95, 21.44, 18.74, 6.34, 8.51, 10.71]
Time taken to solve the MIP model : 0.0164 seconds
---------------------------------
