Can't find feasible solution

Number of initial container : 10
Number of new container : 10
Total number of containers : 20
Level_num : 9
Container_level : [7, 8, 2, 7, 9, 1, 8, 2, 8, 2, 4, 6, 7, 3, 4, 1, 4, 2, 4, 6]
ideal_configuration : 
 [[4. 7. 0. 0. 0. 0.]
 [3. 6. 8. 0. 0. 0.]
 [2. 4. 6. 8. 0. 0.]
 [1. 2. 4. 7. 8. 0.]
 [1. 2. 2. 4. 7. 9.]]
Centroid : {7: (3.6666666666666665, 1.6666666666666667), 8: (4.0, 2.0), 2: (2.0, 0.75), 9: (6.0, 0.0), 1: (1.0, 0.5), 4: (2.5, 1.75), 6: (2.5, 2.5), 3: (1.0, 3.0)}
Repeat number : 5
Original weight : [20.41, 23.14, 7.97, 19.26, 23.29, 7.17, 21.03, 8.91, 22.58, 8.18, 12.68, 17.59, 19.57, 10.39, 13.72, 5.03, 13.35, 7.79, 11.95, 17.92]
Sequence : [0, 0, 0, 0, 0, 0, 0, 0, 0, 0, 1, 2, 3, 4, 5, 6, 7, 8, 9, 10]
Emergency : [0, 0, 0, 0, 0, 0, 0, 0, 0, 0, 0, 0, 0, 0, 0, 0, 0, 0, 0, 0]
Time taken to solve the MIP model : 0.0098 seconds
---------------------------------
