Can't find feasible solution

Number of initial container : 10
Number of new container : 10
Total number of containers : 20
Level_num : 9
Container_level : [7, 9, 6, 1, 8, 8, 6, 2, 8, 4, 5, 2, 4, 5, 4, 7, 4, 1, 5, 3]
ideal_configuration : 
 [[5. 7. 0. 0. 0. 0.]
 [4. 5. 8. 0. 0. 0.]
 [2. 4. 6. 8. 0. 0.]
 [1. 3. 4. 6. 8. 0.]
 [1. 2. 4. 5. 7. 9.]]
Centroid : {7: (3.5, 2.0), 9: (6.0, 0.0), 6: (3.5, 1.5), 1: (1.0, 0.5), 8: (4.0, 2.0), 2: (1.5, 1.0), 4: (2.25, 1.5), 5: (2.3333333333333335, 2.3333333333333335), 3: (2.0, 1.0)}
Repeat number : 24
Original weight : [19.08, 21.17, 16.66, 6.07, 19.78, 20.63, 15.58, 8.4, 21.08, 13.11, 14.66, 8.5, 11.82, 13.52, 11.97, 18.13, 12.44, 5.42, 14.68, 9.96]
Sequence : [0, 0, 0, 0, 0, 0, 0, 0, 0, 0, 1, 2, 3, 4, 5, 6, 7, 8, 9, 10]
Emergency : [0, 0, 0, 0, 0, 0, 0, 0, 0, 0, 0, 0, 0, 0, 0, 0, 0, 0, 0, 0]
Time taken to solve the MIP model : 0.0120 seconds
---------------------------------
