Can't find feasible solution

Number of initial container : 10
Number of new container : 10
Total number of containers : 20
Level_num : 9
Container_level : [1, 8, 3, 3, 7, 4, 8, 7, 6, 5, 3, 3, 3, 9, 2, 4, 3, 1, 1, 3]
ideal_configuration : 
 [[3. 7. 0. 0. 0. 0.]
 [3. 4. 7. 0. 0. 0.]
 [2. 3. 4. 8. 0. 0.]
 [1. 3. 3. 5. 8. 0.]
 [1. 1. 3. 3. 6. 9.]]
Centroid : {1: (1.3333333333333333, 0.3333333333333333), 8: (4.5, 1.5), 3: (2.2857142857142856, 1.5714285714285714), 7: (2.5, 3.5), 4: (2.5, 2.5), 6: (5.0, 0.0), 5: (4.0, 1.0), 9: (6.0, 0.0), 2: (1.0, 2.0)}
Repeat number : 9
Original weight : [8.08, 20.85, 10.75, 12.3, 19.98, 13.73, 21.04, 19.46, 18.48, 15.8, 12.38, 10.82, 11.64, 22.87, 9.22, 14.26, 11.65, 6.52, 8.2, 12.61]
Sequence : [0, 0, 0, 0, 0, 0, 0, 0, 0, 0, 1, 2, 3, 4, 5, 6, 7, 8, 9, 10]
Emergency : [0, 0, 0, 0, 0, 0, 0, 0, 0, 0, 0, 0, 0, 0, 0, 0, 0, 0, 0, 0]
Time taken to solve the MIP model : 0.0040 seconds
---------------------------------
