Can't find feasible solution

Number of initial container : 10
Number of new container : 10
Total number of containers : 20
Level_num : 9
Container_level : [2, 3, 2, 5, 7, 3, 7, 8, 3, 1, 9, 3, 1, 3, 6, 4, 5, 3, 2, 7]
ideal_configuration : 
 [[3. 7. 0. 0. 0. 0.]
 [3. 4. 7. 0. 0. 0.]
 [2. 3. 5. 7. 0. 0.]
 [1. 2. 3. 5. 8. 0.]
 [1. 2. 3. 3. 6. 9.]]
Centroid : {2: (1.6666666666666667, 1.0), 3: (2.3333333333333335, 1.6666666666666667), 5: (3.5, 1.5), 7: (3.0, 3.0), 8: (5.0, 1.0), 1: (1.0, 0.5), 9: (6.0, 0.0), 6: (5.0, 0.0), 4: (2.0, 3.0)}
Repeat number : 19
Original weight : [8.51, 10.31, 8.6, 14.4, 18.92, 10.08, 18.29, 20.69, 10.89, 7.24, 21.92, 11.4, 5.54, 11.55, 17.68, 13.36, 14.66, 11.21, 8.5, 18.72]
Sequence : [0, 0, 0, 0, 0, 0, 0, 0, 0, 0, 1, 2, 3, 4, 5, 6, 7, 8, 9, 10]
Emergency : [0, 0, 0, 0, 0, 0, 0, 0, 0, 0, 0, 0, 0, 0, 0, 0, 0, 0, 0, 0]
Time taken to solve the MIP model : 0.0040 seconds
---------------------------------
