Can't find feasible solution

Number of initial container : 10
Number of new container : 10
Total number of containers : 20
Level_num : 9
Container_level : [3, 4, 1, 4, 8, 2, 1, 1, 2, 3, 7, 5, 1, 7, 9, 5, 2, 8, 6, 4]
ideal_configuration : 
 [[4. 7. 0. 0. 0. 0.]
 [2. 4. 7. 0. 0. 0.]
 [1. 3. 5. 8. 0. 0.]
 [1. 2. 3. 5. 8. 0.]
 [1. 1. 2. 4. 6. 9.]]
Centroid : {3: (2.5, 1.5), 4: (2.3333333333333335, 2.3333333333333335), 1: (1.25, 0.75), 8: (4.5, 1.5), 2: (2.0, 1.3333333333333333), 7: (2.5, 3.5), 5: (3.5, 1.5), 9: (6.0, 0.0), 6: (5.0, 0.0)}
Repeat number : 6
Original weight : [11.92, 13.58, 6.08, 13.95, 21.61, 9.6, 7.53, 7.61, 8.31, 10.77, 20.09, 15.75, 6.11, 20.15, 22.9, 16.12, 8.97, 21.28, 18.22, 13.01]
Sequence : [0, 0, 0, 0, 0, 0, 0, 0, 0, 0, 1, 2, 3, 4, 5, 6, 7, 8, 9, 10]
Emergency : [0, 0, 0, 0, 0, 0, 0, 0, 0, 0, 0, 0, 0, 0, 0, 0, 0, 0, 0, 0]
Time taken to solve the MIP model : 0.0241 seconds
---------------------------------
