Can't find feasible solution

Number of initial container : 10
Number of new container : 10
Total number of containers : 20
Level_num : 9
Container_level : [6, 5, 5, 6, 7, 5, 7, 9, 1, 2, 4, 7, 7, 5, 3, 1, 7, 7, 3, 4]
ideal_configuration : 
 [[5. 7. 0. 0. 0. 0.]
 [4. 6. 7. 0. 0. 0.]
 [3. 5. 6. 7. 0. 0.]
 [1. 3. 5. 7. 7. 0.]
 [1. 2. 4. 5. 7. 9.]]
Centroid : {6: (2.5, 2.5), 5: (2.5, 1.75), 7: (3.8333333333333335, 1.8333333333333333), 9: (6.0, 0.0), 1: (1.0, 0.5), 2: (2.0, 0.0), 4: (2.0, 1.5), 3: (1.5, 1.5)}
Repeat number : 2
Original weight : [18.85, 16.35, 15.68, 18.02, 21.0, 15.89, 19.81, 23.62, 7.7, 8.81, 14.72, 20.61, 19.65, 15.85, 11.23, 6.31, 21.05, 20.58, 10.73, 13.13]
Sequence : [0, 0, 0, 0, 0, 0, 0, 0, 0, 0, 1, 2, 3, 4, 5, 6, 7, 8, 9, 10]
Emergency : [0, 0, 0, 0, 0, 0, 0, 0, 0, 0, 0, 0, 0, 0, 0, 0, 0, 0, 0, 0]
Time taken to solve the MIP model : 0.0176 seconds
---------------------------------
