Can't find feasible solution

Number of initial container : 10
Number of new container : 10
Total number of containers : 20
Level_num : 9
Container_level : [2, 1, 6, 6, 3, 1, 8, 7, 5, 1, 3, 1, 1, 5, 1, 2, 5, 4, 3, 9]
ideal_configuration : 
 [[3. 6. 0. 0. 0. 0.]
 [2. 4. 6. 0. 0. 0.]
 [1. 2. 5. 7. 0. 0.]
 [1. 1. 3. 5. 8. 0.]
 [1. 1. 1. 3. 5. 9.]]
Centroid : {2: (1.5, 2.5), 1: (1.6666666666666667, 0.6666666666666666), 6: (2.5, 3.5), 3: (2.6666666666666665, 1.6666666666666667), 8: (5.0, 1.0), 7: (4.0, 2.0), 5: (4.0, 1.0), 4: (2.0, 3.0), 9: (6.0, 0.0)}
Repeat number : 13
Original weight : [9.65, 7.92, 18.03, 17.5, 12.75, 7.86, 22.06, 20.33, 17.01, 8.27, 13.38, 8.8, 9.15, 15.95, 7.7, 11.24, 15.89, 14.74, 12.86, 22.89]
Sequence : [0, 0, 0, 0, 0, 0, 0, 0, 0, 0, 1, 2, 3, 4, 5, 6, 7, 8, 9, 10]
Emergency : [0, 0, 0, 0, 0, 0, 0, 0, 0, 0, 0, 0, 0, 0, 0, 0, 0, 0, 0, 0]
Time taken to solve the MIP model : 0.0045 seconds
---------------------------------
