Can't find feasible solution

Number of initial container : 10
Number of new container : 10
Total number of containers : 20
Level_num : 9
Container_level : [6, 8, 3, 3, 1, 5, 8, 8, 8, 7, 2, 7, 5, 9, 4, 3, 1, 1, 3, 2]
ideal_configuration : 
 [[5. 8. 0. 0. 0. 0.]
 [3. 5. 8. 0. 0. 0.]
 [2. 3. 6. 8. 0. 0.]
 [1. 2. 3. 7. 8. 0.]
 [1. 1. 3. 4. 7. 9.]]
Centroid : {6: (3.0, 2.0), 8: (3.5, 2.5), 3: (2.25, 1.5), 1: (1.3333333333333333, 0.3333333333333333), 5: (1.5, 3.5), 7: (4.5, 0.5), 2: (1.5, 1.5), 9: (6.0, 0.0), 4: (4.0, 0.0)}
Repeat number : 7
Original weight : [17.63, 20.57, 10.42, 10.17, 7.09, 15.98, 22.42, 22.25, 22.08, 18.83, 9.51, 19.16, 15.59, 22.6, 13.3, 10.17, 6.95, 5.9, 10.76, 9.59]
Sequence : [0, 0, 0, 0, 0, 0, 0, 0, 0, 0, 1, 2, 3, 4, 5, 6, 7, 8, 9, 10]
Emergency : [0, 0, 0, 0, 0, 0, 0, 0, 0, 0, 0, 0, 0, 0, 0, 0, 0, 0, 0, 0]
Time taken to solve the MIP model : 0.0040 seconds
---------------------------------
