Can't find feasible solution

Number of initial container : 10
Number of new container : 10
Total number of containers : 20
Level_num : 9
Container_level : [4, 1, 3, 2, 7, 4, 8, 5, 9, 6, 6, 7, 1, 6, 7, 2, 4, 6, 6, 8]
ideal_configuration : 
 [[6. 7. 0. 0. 0. 0.]
 [4. 6. 7. 0. 0. 0.]
 [2. 4. 6. 8. 0. 0.]
 [1. 3. 5. 6. 8. 0.]
 [1. 2. 4. 6. 7. 9.]]
Centroid : {4: (2.0, 1.6666666666666667), 1: (1.0, 0.5), 3: (2.0, 1.0), 2: (1.5, 1.0), 7: (3.3333333333333335, 2.3333333333333335), 8: (4.5, 1.5), 5: (3.0, 1.0), 9: (6.0, 0.0), 6: (2.8, 2.0)}
Repeat number : 8
Original weight : [12.73, 7.08, 11.19, 8.95, 18.6, 13.6, 21.78, 15.38, 22.46, 17.26, 17.7, 19.36, 6.01, 18.02, 19.52, 8.1, 12.24, 17.75, 18.07, 20.77]
Sequence : [0, 0, 0, 0, 0, 0, 0, 0, 0, 0, 1, 2, 3, 4, 5, 6, 7, 8, 9, 10]
Emergency : [0, 0, 0, 0, 0, 0, 0, 0, 0, 0, 0, 0, 0, 0, 0, 0, 0, 0, 0, 0]
Time taken to solve the MIP model : 0.0040 seconds
---------------------------------
