Can't find feasible solution

Number of initial container : 10
Number of new container : 10
Total number of containers : 20
Level_num : 9
Container_level : [1, 5, 8, 3, 5, 6, 5, 7, 3, 2, 9, 1, 2, 7, 2, 5, 7, 2, 8, 4]
ideal_configuration : 
 [[5. 7. 0. 0. 0. 0.]
 [3. 5. 7. 0. 0. 0.]
 [2. 3. 5. 8. 0. 0.]
 [1. 2. 4. 6. 8. 0.]
 [1. 2. 2. 5. 7. 9.]]
Centroid : {1: (1.0, 0.5), 5: (2.5, 2.25), 8: (4.5, 1.5), 3: (1.5, 2.5), 6: (4.0, 1.0), 7: (3.3333333333333335, 2.3333333333333335), 2: (2.0, 0.75), 9: (6.0, 0.0), 4: (3.0, 1.0)}
Repeat number : 29
Original weight : [5.01, 15.04, 23.82, 11.56, 15.89, 17.69, 16.33, 20.44, 10.01, 7.58, 23.99, 6.49, 7.45, 21.47, 8.06, 16.37, 19.53, 9.14, 22.47, 13.91]
Sequence : [0, 0, 0, 0, 0, 0, 0, 0, 0, 0, 1, 2, 3, 4, 5, 6, 7, 8, 9, 10]
Emergency : [0, 0, 0, 0, 0, 0, 0, 0, 0, 0, 0, 0, 0, 0, 0, 0, 0, 0, 0, 0]
Time taken to solve the MIP model : 0.0040 seconds
---------------------------------
