Can't find feasible solution

Number of initial container : 10
Number of new container : 10
Total number of containers : 20
Level_num : 9
Container_level : [4, 4, 2, 9, 2, 1, 7, 1, 7, 4, 5, 8, 6, 2, 3, 1, 4, 8, 8, 6]
ideal_configuration : 
 [[4. 7. 0. 0. 0. 0.]
 [3. 5. 8. 0. 0. 0.]
 [2. 4. 6. 8. 0. 0.]
 [1. 2. 4. 6. 8. 0.]
 [1. 1. 2. 4. 7. 9.]]
Centroid : {4: (2.5, 1.75), 2: (2.0, 1.0), 9: (6.0, 0.0), 1: (1.3333333333333333, 0.3333333333333333), 7: (3.5, 2.0), 5: (2.0, 3.0), 8: (4.0, 2.0), 6: (3.5, 1.5), 3: (1.0, 3.0)}
Repeat number : 23
Original weight : [11.88, 12.07, 8.5, 21.14, 9.08, 5.76, 18.68, 7.23, 18.95, 12.78, 15.09, 20.5, 15.93, 8.03, 10.02, 5.4, 11.93, 20.88, 19.22, 16.16]
Sequence : [0, 0, 0, 0, 0, 0, 0, 0, 0, 0, 1, 2, 3, 4, 5, 6, 7, 8, 9, 10]
Emergency : [0, 0, 0, 0, 0, 0, 0, 0, 0, 0, 0, 0, 0, 0, 0, 0, 0, 0, 0, 0]
Time taken to solve the MIP model : 0.0176 seconds
---------------------------------
