Can't find feasible solution

Number of initial container : 10
Number of new container : 10
Total number of containers : 20
Level_num : 9
Container_level : [7, 5, 8, 8, 1, 8, 1, 8, 5, 8, 9, 7, 6, 2, 6, 8, 4, 4, 6, 2]
ideal_configuration : 
 [[6. 8. 0. 0. 0. 0.]
 [5. 7. 8. 0. 0. 0.]
 [2. 5. 7. 8. 0. 0.]
 [1. 4. 6. 8. 8. 0.]
 [1. 2. 4. 6. 8. 9.]]
Centroid : {7: (2.5, 2.5), 5: (1.5, 2.5), 8: (3.8333333333333335, 1.8333333333333333), 1: (1.0, 0.5), 9: (6.0, 0.0), 6: (2.6666666666666665, 1.6666666666666667), 2: (1.5, 1.0), 4: (2.5, 0.5)}
Repeat number : 20
Original weight : [20.58, 15.43, 22.66, 22.27, 7.13, 23.51, 6.64, 23.55, 16.33, 23.71, 23.82, 21.62, 19.5, 8.89, 18.56, 23.06, 14.25, 15.01, 19.31, 9.77]
Sequence : [0, 0, 0, 0, 0, 0, 0, 0, 0, 0, 1, 2, 3, 4, 5, 6, 7, 8, 9, 10]
Emergency : [0, 0, 0, 0, 0, 0, 0, 0, 0, 0, 0, 0, 0, 0, 0, 0, 0, 0, 0, 0]
Time taken to solve the MIP model : 0.0045 seconds
---------------------------------
