Can't find feasible solution

Number of initial container : 10
Number of new container : 10
Total number of containers : 20
Level_num : 9
Container_level : [8, 3, 8, 1, 6, 1, 2, 9, 1, 8, 1, 7, 2, 7, 1, 5, 8, 4, 3, 1]
ideal_configuration : 
 [[4. 8. 0. 0. 0. 0.]
 [2. 5. 8. 0. 0. 0.]
 [1. 2. 6. 8. 0. 0.]
 [1. 1. 3. 7. 8. 0.]
 [1. 1. 1. 3. 7. 9.]]
Centroid : {8: (3.5, 2.5), 3: (3.5, 0.5), 1: (1.6666666666666667, 0.6666666666666666), 6: (3.0, 2.0), 2: (1.5, 2.5), 9: (6.0, 0.0), 7: (4.5, 0.5), 5: (2.0, 3.0), 4: (1.0, 4.0)}
Repeat number : 30
Original weight : [22.45, 11.37, 20.54, 7.91, 17.88, 6.02, 8.01, 22.57, 5.9, 20.57, 7.58, 18.99, 8.02, 18.61, 7.41, 14.88, 21.1, 12.98, 10.57, 6.39]
Sequence : [0, 0, 0, 0, 0, 0, 0, 0, 0, 0, 1, 2, 3, 4, 5, 6, 7, 8, 9, 10]
Emergency : [0, 0, 0, 0, 0, 0, 0, 0, 0, 0, 0, 0, 0, 0, 0, 0, 0, 0, 0, 0]
Time taken to solve the MIP model : 0.0160 seconds
---------------------------------
