Can't find feasible solution

Number of initial container : 5
Number of new container : 15
Total number of containers : 20
Level_num : 9
Container_level : [4, 3, 2, 5, 1, 8, 3, 4, 4, 5, 2, 1, 4, 7, 4, 9, 6, 1, 6, 1]
ideal_configuration : 
 [[6. 0. 0. 0. 0. 0. 0. 0. 0. 0.]
 [4. 6. 0. 0. 0. 0. 0. 0. 0. 0.]
 [3. 4. 7. 0. 0. 0. 0. 0. 0. 0.]
 [1. 3. 4. 8. 0. 0. 0. 0. 0. 0.]
 [1. 2. 4. 5. 9. 0. 0. 0. 0. 0.]
 [1. 1. 2. 4. 5. 0. 0. 0. 0. 0.]]
Centroid : {4: (2.6, 2.0), 3: (1.5, 2.5), 2: (2.5, 0.5), 5: (4.5, 0.5), 1: (1.25, 0.75), 8: (4.0, 2.0), 7: (3.0, 3.0), 9: (5.0, 1.0), 6: (1.5, 4.5)}
Repeat number : 16
Original weight : [13.67, 12.01, 9.79, 16.03, 7.86, 21.27, 12.54, 15.08, 13.6, 16.89, 11.31, 8.95, 15.19, 19.88, 13.85, 22.63, 17.53, 7.84, 18.92, 8.82]
Group : [0, 0, 0, 0, 0, 0, 0, 0, 0, 0, 0, 0, 0, 0, 0, 0, 0, 0, 0, 0]
Sequence : [0, 0, 0, 0, 0, 1, 2, 3, 4, 5, 6, 7, 8, 9, 10, 11, 12, 13, 14, 15]
Scroe : [13.67, 12.01, 9.79, 16.03, 7.86, 21.27, 12.54, 15.08, 13.6, 16.89, 11.31, 8.95, 15.19, 19.88, 13.85, 22.63, 17.53, 7.84, 18.92, 8.82]
Time taken to solve the MIP model : 0.0110 seconds
---------------------------------
