Can't find feasible solution

Number of initial container : 5
Number of new container : 15
Total number of containers : 20
Level_num : 9
Container_level : [5, 8, 3, 2, 7, 7, 3, 9, 7, 1, 4, 7, 2, 8, 7, 4, 7, 2, 3, 7]
ideal_configuration : 
 [[7. 0. 0. 0. 0. 0. 0. 0. 0. 0.]
 [7. 7. 0. 0. 0. 0. 0. 0. 0. 0.]
 [3. 7. 8. 0. 0. 0. 0. 0. 0. 0.]
 [2. 4. 7. 8. 0. 0. 0. 0. 0. 0.]
 [2. 3. 4. 7. 9. 0. 0. 0. 0. 0.]
 [1. 2. 3. 5. 7. 0. 0. 0. 0. 0.]]
Centroid : {5: (4.0, 0.0), 8: (3.5, 2.5), 3: (2.0, 1.3333333333333333), 2: (1.3333333333333333, 1.0), 7: (2.5714285714285716, 2.7142857142857144), 9: (5.0, 1.0), 1: (1.0, 0.0), 4: (2.5, 1.5)}
Repeat number : 18
Original weight : [16.7, 22.03, 11.62, 8.17, 20.73, 19.56, 10.21, 23.94, 21.23, 5.33, 13.76, 20.38, 9.38, 23.03, 21.0, 13.36, 19.37, 9.03, 11.12, 20.9]
Group : [0, 0, 0, 0, 0, 0, 0, 0, 0, 0, 0, 0, 0, 0, 0, 0, 0, 0, 0, 0]
Sequence : [0, 0, 0, 0, 0, 1, 2, 3, 4, 5, 6, 7, 8, 9, 10, 11, 12, 13, 14, 15]
Scroe : [16.7, 22.03, 11.62, 8.17, 20.73, 19.56, 10.21, 23.94, 21.23, 5.33, 13.76, 20.38, 9.38, 23.03, 21.0, 13.36, 19.37, 9.03, 11.12, 20.9]
Time taken to solve the MIP model : 0.0120 seconds
---------------------------------
