Can't find feasible solution

Number of initial container : 15
Number of new container : 10
Total number of containers : 25
Level_num : 9
Container_level : [3, 3, 1, 8, 6, 3, 1, 1, 6, 8, 9, 3, 1, 3, 6, 8, 1, 1, 3, 6, 6, 6, 1, 8, 3]
ideal_configuration : 
 [[3. 6. 8. 9. 0. 0.]
 [1. 3. 6. 8. 0. 0.]
 [1. 3. 3. 6. 8. 0.]
 [1. 1. 3. 3. 6. 8.]
 [1. 1. 1. 3. 6. 6.]]
Centroid : {3: (1.7142857142857142, 1.8571428571428572), 1: (0.5714285714285714, 1.0), 8: (3.5, 2.5), 6: (3.1666666666666665, 1.6666666666666667), 9: (3.0, 4.0)}
Repeat number : 2
Original weight : [18.22, 16.0, 9.87, 18.99, 7.48, 16.51, 11.88, 19.39, 23.46, 21.97, 23.99, 21.73, 6.47, 22.75, 7.67, 20.61, 19.09, 22.53, 18.69, 7.7, 21.09, 21.01, 22.17, 14.53, 17.99]
Group : [1, 1, 0, 3, 2, 1, 0, 0, 2, 3, 3, 1, 0, 1, 2, 3, 0, 0, 1, 2, 2, 2, 0, 3, 1]
Sequence : [0, 0, 0, 0, 0, 0, 0, 0, 0, 0, 0, 0, 0, 0, 0, 1, 2, 3, 4, 5, 6, 7, 8, 9, 10]
Scroe : [118.22, 116.0, 9.87, 318.99, 207.48, 116.51, 11.88, 19.39, 223.46, 321.97, 323.99, 121.73, 6.47, 122.75, 207.67, 320.61, 19.09, 22.53, 118.69, 207.7, 221.09, 221.01, 22.17, 314.53, 117.99]
Time taken to solve the MIP model : 0.0000 seconds
---------------------------------
