Can't find feasible solution

Number of initial container : 15
Number of new container : 10
Total number of containers : 25
Level_num : 9
Container_level : [9, 1, 1, 8, 3, 8, 1, 6, 6, 3, 8, 8, 1, 3, 8, 6, 6, 8, 3, 3, 3, 1, 8, 6, 6]
ideal_configuration : 
 [[3. 6. 8. 9. 0. 0.]
 [3. 6. 6. 8. 0. 0.]
 [1. 3. 6. 8. 8. 0.]
 [1. 1. 3. 6. 8. 8.]
 [1. 1. 3. 3. 6. 8.]]
Centroid : {9: (3.0, 4.0), 1: (0.4, 0.8), 8: (3.7142857142857144, 1.8571428571428572), 3: (1.3333333333333333, 1.6666666666666667), 6: (2.1666666666666665, 2.1666666666666665)}
Repeat number : 26
Original weight : [23.86, 22.99, 13.98, 7.12, 18.69, 18.44, 23.54, 21.51, 15.64, 18.28, 9.47, 8.27, 22.05, 15.27, 10.54, 16.64, 12.34, 20.6, 7.08, 16.15, 5.38, 12.08, 5.3, 20.77, 11.43]
Group : [3, 0, 0, 3, 1, 3, 0, 2, 2, 1, 3, 3, 0, 1, 3, 2, 2, 3, 1, 1, 1, 0, 3, 2, 2]
Sequence : [0, 0, 0, 0, 0, 0, 0, 0, 0, 0, 0, 0, 0, 0, 0, 1, 2, 3, 4, 5, 6, 7, 8, 9, 10]
Scroe : [323.86, 22.99, 13.98, 307.12, 118.69, 318.44, 23.54, 221.51, 215.64, 118.28, 309.47, 308.27, 22.05, 115.27, 310.54, 216.64, 212.34, 320.6, 107.08, 116.15, 105.38, 12.08, 305.3, 220.77, 211.43]
Time taken to solve the MIP model : 0.0087 seconds
---------------------------------
