Can't find feasible solution

Number of initial container : 15
Number of new container : 10
Total number of containers : 25
Level_num : 9
Container_level : [8, 8, 8, 1, 6, 8, 1, 4, 3, 3, 3, 4, 6, 1, 9, 6, 3, 1, 6, 6, 6, 1, 8, 1, 1]
ideal_configuration : 
 [[3. 6. 8. 9. 0. 0.]
 [1. 4. 6. 8. 0. 0.]
 [1. 3. 4. 6. 8. 0.]
 [1. 1. 3. 6. 6. 8.]
 [1. 1. 1. 3. 6. 8.]]
Centroid : {8: (3.8, 2.0), 1: (0.5714285714285714, 1.0), 6: (2.8333333333333335, 1.8333333333333333), 4: (1.5, 2.5), 3: (1.5, 1.75), 9: (3.0, 4.0)}
Repeat number : 11
Original weight : [16.69, 5.79, 12.55, 15.23, 21.25, 10.18, 12.87, 22.91, 8.31, 19.64, 9.54, 23.21, 5.35, 8.02, 16.77, 15.41, 18.58, 19.63, 9.11, 16.9, 6.21, 10.6, 9.66, 6.54, 13.92]
Group : [3, 3, 3, 0, 2, 3, 0, 1, 1, 1, 1, 1, 2, 0, 3, 2, 1, 0, 2, 2, 2, 0, 3, 0, 0]
Sequence : [0, 0, 0, 0, 0, 0, 0, 0, 0, 0, 0, 0, 0, 0, 0, 1, 2, 3, 4, 5, 6, 7, 8, 9, 10]
Scroe : [316.69, 305.79, 312.55, 15.23, 221.25, 310.18, 12.87, 122.91, 108.31, 119.64, 109.53999999999999, 123.21000000000001, 205.35, 8.02, 316.77, 215.41, 118.58, 19.63, 209.11, 216.9, 206.21, 10.6, 309.66, 6.54, 13.92]
Time taken to solve the MIP model : 0.0000 seconds
---------------------------------
