Can't find feasible solution

Number of initial container : 15
Number of new container : 10
Total number of containers : 25
Level_num : 9
Container_level : [6, 6, 3, 1, 3, 6, 6, 1, 6, 1, 8, 6, 6, 1, 6, 3, 9, 1, 3, 8, 8, 1, 6, 3, 1]
ideal_configuration : 
 [[3. 6. 6. 9. 0. 0.]
 [1. 3. 6. 8. 0. 0.]
 [1. 3. 6. 6. 8. 0.]
 [1. 1. 3. 6. 6. 8.]
 [1. 1. 1. 3. 6. 6.]]
Centroid : {6: (2.888888888888889, 1.8888888888888888), 3: (1.4, 2.0), 1: (0.5714285714285714, 1.0), 8: (4.0, 2.0), 9: (3.0, 4.0)}
Repeat number : 12
Original weight : [20.25, 10.43, 13.93, 20.37, 15.49, 21.81, 16.89, 19.97, 6.06, 21.05, 11.95, 14.89, 17.61, 11.93, 10.58, 17.82, 20.23, 5.1, 13.77, 12.91, 19.16, 14.69, 12.96, 6.93, 23.55]
Group : [2, 2, 1, 0, 1, 2, 2, 0, 2, 0, 3, 2, 2, 0, 2, 1, 3, 0, 1, 3, 3, 0, 2, 1, 0]
Sequence : [0, 0, 0, 0, 0, 0, 0, 0, 0, 0, 0, 0, 0, 0, 0, 1, 2, 3, 4, 5, 6, 7, 8, 9, 10]
Scroe : [220.25, 210.43, 113.93, 20.37, 115.49, 221.81, 216.89, 19.97, 206.06, 21.05, 311.95, 214.89, 217.61, 11.93, 210.58, 117.82, 320.23, 5.1, 113.77, 312.91, 319.16, 14.69, 212.96, 106.93, 23.55]
Time taken to solve the MIP model : 0.0000 seconds
---------------------------------
