Can't find feasible solution

Number of initial container : 15
Number of new container : 10
Total number of containers : 25
Level_num : 9
Container_level : [1, 1, 1, 3, 3, 3, 8, 8, 3, 8, 3, 6, 6, 6, 1, 3, 6, 1, 3, 3, 1, 6, 6, 6, 9]
ideal_configuration : 
 [[3. 6. 6. 9. 0. 0.]
 [3. 3. 6. 8. 0. 0.]
 [1. 3. 3. 6. 8. 0.]
 [1. 1. 3. 3. 6. 8.]
 [1. 1. 1. 3. 6. 6.]]
Centroid : {1: (0.6666666666666666, 0.6666666666666666), 3: (1.5, 2.0), 8: (4.0, 2.0), 6: (3.0, 2.0), 9: (3.0, 4.0)}
Repeat number : 3
Original weight : [13.48, 5.05, 10.35, 5.68, 10.42, 11.94, 5.64, 22.4, 19.46, 7.89, 15.08, 21.74, 21.29, 9.96, 17.48, 19.99, 5.33, 8.46, 12.61, 18.09, 16.99, 5.1, 12.59, 17.29, 23.41]
Group : [0, 0, 0, 1, 1, 1, 3, 3, 1, 3, 1, 2, 2, 2, 0, 1, 2, 0, 1, 1, 0, 2, 2, 2, 3]
Sequence : [0, 0, 0, 0, 0, 0, 0, 0, 0, 0, 0, 0, 0, 0, 0, 1, 2, 3, 4, 5, 6, 7, 8, 9, 10]
Scroe : [13.48, 5.05, 10.35, 105.68, 110.42, 111.94, 305.64, 322.4, 119.46000000000001, 307.89, 115.08, 221.74, 221.29, 209.96, 17.48, 119.99, 205.33, 8.46, 112.61, 118.09, 16.99, 205.1, 212.59, 217.29, 323.41]
Time taken to solve the MIP model : 0.0000 seconds
---------------------------------
