Can't find feasible solution

Number of initial container : 15
Number of new container : 10
Total number of containers : 25
Level_num : 9
Container_level : [2, 1, 5, 1, 6, 5, 8, 6, 8, 2, 5, 7, 8, 1, 1, 7, 5, 6, 1, 9, 6, 7, 5, 1, 8]
ideal_configuration : 
 [[5. 6. 8. 9. 0. 0.]
 [2. 5. 6. 8. 0. 0.]
 [1. 2. 5. 7. 8. 0.]
 [1. 1. 5. 6. 7. 8.]
 [1. 1. 1. 5. 6. 7.]]
Centroid : {2: (1.5, 2.5), 1: (1.6666666666666667, 0.6666666666666666), 5: (2.6, 2.0), 6: (3.5, 2.0), 8: (4.5, 2.5), 7: (5.0, 1.0), 9: (4.0, 4.0)}
Repeat number : 19
Original weight : [9.78, 6.5, 16.55, 7.39, 18.68, 15.92, 21.25, 16.66, 21.87, 9.4, 16.4, 20.83, 21.21, 6.47, 5.8, 18.76, 16.38, 17.3, 5.63, 23.11, 17.04, 20.2, 14.38, 5.67, 21.82]
Sequence : [0, 0, 0, 0, 0, 0, 0, 0, 0, 0, 0, 0, 0, 0, 0, 1, 2, 3, 4, 5, 6, 7, 8, 9, 10]
Emergency : [0, 0, 0, 0, 0, 0, 0, 0, 0, 0, 0, 0, 0, 0, 0, 0, 0, 0, 0, 0, 0, 0, 0, 0, 0]
Time taken to solve the MIP model : 0.0088 seconds
---------------------------------
