Can't find feasible solution

Number of initial container : 15
Number of new container : 10
Total number of containers : 25
Level_num : 9
Container_level : [2, 8, 1, 7, 1, 1, 1, 1, 1, 1, 2, 1, 8, 3, 2, 1, 8, 8, 2, 2, 1, 9, 3, 7, 4]
ideal_configuration : 
 [[2. 3. 8. 9. 0. 0.]
 [1. 2. 3. 8. 0. 0.]
 [1. 1. 2. 4. 8. 0.]
 [1. 1. 1. 2. 7. 8.]
 [1. 1. 1. 1. 2. 7.]]
Centroid : {2: (3.0, 2.0), 8: (4.5, 2.5), 1: (2.0, 1.0), 7: (5.5, 0.5), 3: (2.5, 3.5), 9: (4.0, 4.0), 4: (4.0, 2.0)}
Repeat number : 29
Original weight : [10.79, 19.94, 8.09, 19.69, 8.5, 8.77, 8.62, 8.04, 9.0, 9.18, 10.19, 8.53, 20.46, 12.88, 10.02, 8.51, 20.17, 20.52, 9.74, 10.42, 8.51, 21.61, 12.81, 19.51, 13.85]
Sequence : [0, 0, 0, 0, 0, 0, 0, 0, 0, 0, 0, 0, 0, 0, 0, 1, 2, 3, 4, 5, 6, 7, 8, 9, 10]
Emergency : [0, 0, 0, 0, 0, 0, 0, 0, 0, 0, 0, 0, 0, 0, 0, 0, 0, 0, 0, 0, 0, 0, 0, 0, 0]
Time taken to solve the MIP model : 0.0000 seconds
---------------------------------
