Can't find feasible solution

Number of initial container : 15
Number of new container : 10
Total number of containers : 25
Level_num : 9
Container_level : [1, 1, 8, 1, 7, 4, 5, 2, 6, 6, 7, 6, 8, 8, 4, 6, 6, 8, 1, 4, 7, 6, 7, 6, 7]
ideal_configuration : 
 [[6. 6. 7. 8. 0. 0.]
 [4. 6. 7. 8. 0. 0.]
 [1. 4. 6. 7. 8. 0.]
 [1. 2. 5. 6. 7. 8.]
 [1. 1. 4. 6. 6. 7.]]
Centroid : {1: (1.25, 0.75), 8: (4.75, 2.5), 7: (4.2, 2.0), 4: (2.0, 1.6666666666666667), 5: (3.0, 1.0), 2: (2.0, 1.0), 6: (3.0, 2.0)}
Repeat number : 7
Original weight : [7.28, 7.83, 21.16, 6.6, 19.45, 14.39, 16.6, 10.2, 17.14, 18.0, 19.98, 18.37, 21.0, 21.84, 13.2, 17.0, 17.52, 22.81, 8.31, 13.45, 18.98, 17.62, 19.87, 17.09, 19.7]
Sequence : [0, 0, 0, 0, 0, 0, 0, 0, 0, 0, 0, 0, 0, 0, 0, 1, 2, 3, 4, 5, 6, 7, 8, 9, 10]
Emergency : [0, 0, 0, 0, 0, 0, 0, 0, 0, 0, 0, 0, 0, 0, 0, 0, 0, 0, 0, 0, 0, 0, 0, 0, 0]
Time taken to solve the MIP model : 0.0102 seconds
---------------------------------
