Can't find feasible solution

Number of initial container : 15
Number of new container : 10
Total number of containers : 25
Level_num : 9
Container_level : [1, 7, 6, 4, 7, 4, 3, 7, 7, 3, 2, 9, 8, 3, 3, 5, 8, 2, 1, 3, 7, 7, 1, 6, 1]
ideal_configuration : 
 [[3. 6. 7. 9. 0. 0.]
 [3. 4. 7. 7. 0. 0.]
 [1. 3. 4. 7. 8. 0.]
 [1. 2. 3. 5. 7. 8.]
 [1. 1. 2. 3. 6. 7.]]
Centroid : {1: (1.25, 0.75), 7: (4.166666666666667, 2.1666666666666665), 6: (3.5, 2.0), 4: (2.5, 2.5), 3: (2.2, 2.0), 2: (2.5, 0.5), 9: (4.0, 4.0), 8: (5.5, 1.5), 5: (4.0, 1.0)}
Repeat number : 2
Original weight : [6.6, 20.81, 18.06, 12.44, 21.06, 12.36, 10.27, 20.83, 19.34, 10.07, 8.74, 23.63, 21.83, 11.81, 11.45, 16.54, 23.26, 8.19, 7.43, 11.44, 20.75, 21.32, 6.53, 17.19, 5.29]
Sequence : [0, 0, 0, 0, 0, 0, 0, 0, 0, 0, 0, 0, 0, 0, 0, 1, 2, 3, 4, 5, 6, 7, 8, 9, 10]
Emergency : [0, 0, 0, 0, 0, 0, 0, 0, 0, 0, 0, 0, 0, 0, 0, 0, 0, 0, 0, 0, 0, 0, 0, 0, 0]
Time taken to solve the MIP model : 0.0113 seconds
---------------------------------
