Can't find feasible solution

Number of initial container : 15
Number of new container : 10
Total number of containers : 25
Level_num : 9
Container_level : [4, 9, 6, 3, 4, 1, 1, 5, 6, 5, 8, 7, 2, 4, 7, 7, 2, 8, 1, 1, 6, 4, 7, 7, 4]
ideal_configuration : 
 [[4. 6. 7. 9. 0. 0.]
 [3. 4. 6. 7. 0. 0.]
 [1. 4. 5. 7. 8. 0.]
 [1. 2. 4. 5. 7. 8.]
 [1. 1. 2. 4. 6. 7.]]
Centroid : {4: (2.4, 2.0), 9: (4.0, 4.0), 6: (3.3333333333333335, 2.3333333333333335), 3: (1.0, 3.0), 1: (1.25, 0.75), 5: (3.5, 1.5), 8: (5.5, 1.5), 7: (4.4, 2.0), 2: (2.5, 0.5)}
Repeat number : 6
Original weight : [12.96, 22.56, 16.77, 10.51, 12.18, 6.35, 5.93, 15.95, 16.61, 14.85, 21.55, 18.94, 9.38, 12.45, 18.88, 19.97, 8.66, 21.46, 5.52, 6.56, 16.36, 13.37, 18.9, 18.85, 13.8]
Sequence : [0, 0, 0, 0, 0, 0, 0, 0, 0, 0, 0, 0, 0, 0, 0, 1, 2, 3, 4, 5, 6, 7, 8, 9, 10]
Emergency : [0, 0, 0, 0, 0, 0, 0, 0, 0, 0, 0, 0, 0, 0, 0, 0, 0, 0, 0, 0, 0, 0, 0, 0, 0]
Time taken to solve the MIP model : 0.0081 seconds
---------------------------------
