Can't find feasible solution

Number of initial container : 15
Number of new container : 10
Total number of containers : 25
Level_num : 9
Container_level : [6, 5, 5, 2, 7, 1, 2, 4, 1, 8, 6, 6, 4, 3, 8, 7, 8, 5, 8, 6, 7, 8, 3, 9, 3]
ideal_configuration : 
 [[5. 6. 8. 9. 0. 0.]
 [3. 5. 7. 8. 0. 0.]
 [2. 4. 6. 7. 8. 0.]
 [1. 3. 4. 6. 7. 8.]
 [1. 2. 3. 5. 6. 8.]]
Centroid : {6: (3.5, 1.75), 5: (2.3333333333333335, 2.3333333333333335), 2: (1.5, 1.0), 7: (4.0, 2.0), 1: (1.0, 0.5), 4: (2.5, 1.5), 8: (4.8, 2.0), 3: (2.0, 1.3333333333333333), 9: (4.0, 4.0)}
Repeat number : 14
Original weight : [18.39, 14.27, 16.03, 8.69, 20.88, 5.13, 7.95, 14.11, 6.04, 21.31, 16.47, 18.7, 12.86, 11.04, 22.74, 20.39, 21.45, 15.02, 22.83, 17.13, 18.79, 21.5, 11.88, 23.26, 11.77]
Sequence : [0, 0, 0, 0, 0, 0, 0, 0, 0, 0, 0, 0, 0, 0, 0, 1, 2, 3, 4, 5, 6, 7, 8, 9, 10]
Emergency : [0, 0, 0, 0, 0, 0, 0, 0, 0, 0, 0, 0, 0, 0, 0, 0, 0, 0, 0, 0, 0, 0, 0, 0, 0]
Time taken to solve the MIP model : 0.0088 seconds
---------------------------------
