Can't find feasible solution

Number of initial container : 15
Number of new container : 10
Total number of containers : 25
Level_num : 9
Container_level : [5, 1, 2, 2, 3, 6, 5, 2, 6, 4, 4, 5, 1, 5, 1, 1, 6, 6, 8, 1, 9, 2, 4, 4, 5]
ideal_configuration : 
 [[4. 5. 6. 9. 0. 0.]
 [2. 4. 5. 6. 0. 0.]
 [1. 2. 4. 5. 6. 0.]
 [1. 1. 2. 4. 5. 8.]
 [1. 1. 2. 3. 5. 6.]]
Centroid : {5: (3.8, 2.0), 1: (1.4, 0.8), 2: (2.25, 1.5), 3: (4.0, 0.0), 6: (4.5, 2.25), 4: (2.5, 2.5), 8: (6.0, 1.0), 9: (4.0, 4.0)}
Repeat number : 20
Original weight : [15.18, 7.61, 10.49, 9.84, 11.28, 17.15, 15.96, 9.48, 18.56, 14.22, 13.7, 15.58, 6.53, 16.98, 8.13, 7.51, 17.41, 17.36, 22.16, 6.55, 23.26, 8.93, 14.17, 12.88, 15.14]
Sequence : [0, 0, 0, 0, 0, 0, 0, 0, 0, 0, 0, 0, 0, 0, 0, 1, 2, 3, 4, 5, 6, 7, 8, 9, 10]
Emergency : [0, 0, 0, 0, 0, 0, 0, 0, 0, 0, 0, 0, 0, 0, 0, 0, 0, 0, 0, 0, 0, 0, 0, 0, 0]
Time taken to solve the MIP model : 0.0078 seconds
---------------------------------
