Can't find feasible solution

Number of initial container : 15
Number of new container : 10
Total number of containers : 25
Level_num : 9
Container_level : [4, 4, 8, 1, 3, 5, 5, 1, 1, 6, 5, 8, 6, 2, 7, 6, 9, 1, 1, 8, 4, 7, 3, 5, 2]
ideal_configuration : 
 [[4. 5. 7. 9. 0. 0.]
 [2. 4. 6. 8. 0. 0.]
 [1. 3. 5. 6. 8. 0.]
 [1. 1. 3. 5. 6. 8.]
 [1. 1. 2. 4. 5. 7.]]
Centroid : {4: (2.3333333333333335, 2.3333333333333335), 8: (5.0, 2.0), 1: (1.4, 0.8), 3: (2.5, 1.5), 5: (3.5, 1.75), 6: (4.0, 2.0), 2: (2.0, 1.5), 7: (4.5, 2.0), 9: (4.0, 4.0)}
Repeat number : 5
Original weight : [14.01, 13.97, 21.8, 6.95, 11.57, 16.8, 15.58, 8.21, 6.68, 18.81, 16.16, 22.29, 18.8, 10.56, 20.52, 18.92, 23.46, 7.04, 6.88, 22.56, 14.08, 21.35, 12.64, 16.01, 10.19]
Sequence : [0, 0, 0, 0, 0, 0, 0, 0, 0, 0, 0, 0, 0, 0, 0, 1, 2, 3, 4, 5, 6, 7, 8, 9, 10]
Emergency : [0, 0, 0, 0, 0, 0, 0, 0, 0, 0, 0, 0, 0, 0, 0, 0, 0, 0, 0, 0, 0, 0, 0, 0, 0]
Time taken to solve the MIP model : 0.0085 seconds
---------------------------------
