Can't find feasible solution

Number of initial container : 15
Number of new container : 10
Total number of containers : 25
Level_num : 9
Container_level : [5, 4, 7, 7, 8, 6, 5, 7, 9, 4, 5, 3, 2, 8, 3, 4, 7, 5, 6, 4, 5, 1, 3, 7, 7]
ideal_configuration : 
 [[5. 6. 7. 9. 0. 0.]
 [4. 5. 7. 7. 0. 0.]
 [3. 4. 5. 7. 8. 0.]
 [2. 3. 4. 5. 7. 8.]
 [1. 3. 4. 5. 6. 7.]]
Centroid : {5: (2.8, 2.0), 4: (2.25, 1.5), 7: (4.166666666666667, 2.1666666666666665), 8: (5.5, 1.5), 6: (3.5, 2.0), 9: (4.0, 4.0), 3: (1.6666666666666667, 1.0), 2: (1.0, 1.0), 1: (1.0, 0.0)}
Repeat number : 8
Original weight : [16.13, 13.66, 21.42, 19.28, 22.31, 18.09, 15.01, 21.17, 23.79, 12.96, 15.38, 10.15, 9.01, 22.63, 11.52, 12.96, 19.6, 14.75, 17.63, 13.68, 14.7, 5.22, 11.94, 21.26, 20.78]
Sequence : [0, 0, 0, 0, 0, 0, 0, 0, 0, 0, 0, 0, 0, 0, 0, 1, 2, 3, 4, 5, 6, 7, 8, 9, 10]
Emergency : [0, 0, 0, 0, 0, 0, 0, 0, 0, 0, 0, 0, 0, 0, 0, 0, 0, 0, 0, 0, 0, 0, 0, 0, 0]
Time taken to solve the MIP model : 0.0098 seconds
---------------------------------
