Can't find feasible solution

Number of initial container : 15
Number of new container : 10
Total number of containers : 25
Level_num : 9
Container_level : [3, 7, 7, 2, 8, 2, 7, 2, 2, 2, 2, 8, 1, 8, 3, 6, 5, 4, 4, 6, 6, 6, 2, 1, 9]
ideal_configuration : 
 [[3. 6. 7. 9. 0. 0.]
 [2. 4. 6. 8. 0. 0.]
 [2. 2. 4. 6. 8. 0.]
 [1. 2. 2. 5. 7. 8.]
 [1. 2. 2. 3. 6. 7.]]
Centroid : {3: (2.5, 2.0), 7: (4.666666666666667, 1.6666666666666667), 2: (2.0, 1.2857142857142858), 8: (5.0, 2.0), 1: (1.0, 0.5), 6: (3.5, 2.25), 5: (4.0, 1.0), 4: (2.5, 2.5), 9: (4.0, 4.0)}
Repeat number : 9
Original weight : [10.81, 21.44, 20.05, 9.75, 21.88, 9.86, 20.68, 8.76, 7.6, 9.55, 8.95, 23.24, 6.77, 23.87, 11.98, 19.15, 15.68, 12.92, 13.4, 17.4, 17.92, 18.7, 9.02, 5.21, 23.88]
Sequence : [0, 0, 0, 0, 0, 0, 0, 0, 0, 0, 0, 0, 0, 0, 0, 1, 2, 3, 4, 5, 6, 7, 8, 9, 10]
Emergency : [0, 0, 0, 0, 0, 0, 0, 0, 0, 0, 0, 0, 0, 0, 0, 0, 0, 0, 0, 0, 0, 0, 0, 0, 0]
Time taken to solve the MIP model : 0.0092 seconds
---------------------------------
