Can't find feasible solution

Number of initial container : 10
Number of new container : 15
Total number of containers : 25
Level_num : 9
Container_level : [6, 7, 2, 5, 3, 8, 1, 4, 2, 4, 1, 5, 2, 5, 1, 6, 7, 9, 4, 7, 8, 5, 5, 7, 8]
ideal_configuration : 
 [[6. 8. 0. 0. 0. 0. 0. 0. 0. 0.]
 [5. 6. 8. 0. 0. 0. 0. 0. 0. 0.]
 [3. 5. 7. 8. 0. 0. 0. 0. 0. 0.]
 [2. 4. 5. 7. 9. 0. 0. 0. 0. 0.]
 [1. 2. 4. 5. 7. 0. 0. 0. 0. 0.]
 [1. 1. 2. 4. 5. 7. 0. 0. 0. 0.]]
Centroid : {6: (1.5, 4.5), 7: (4.5, 1.5), 2: (2.0, 1.0), 5: (3.0, 2.0), 3: (1.0, 3.0), 8: (3.0, 4.0), 1: (1.3333333333333333, 0.3333333333333333), 4: (3.0, 1.0), 9: (5.0, 2.0)}
Repeat number : 1
Original weight : [18.35, 19.63, 10.14, 16.8, 12.61, 21.9, 8.72, 13.25, 10.71, 13.84, 6.99, 15.69, 10.09, 15.79, 8.44, 18.2, 20.75, 22.79, 13.63, 20.49, 22.28, 15.71, 14.94, 19.81, 22.7]
Group : [0, 0, 0, 0, 0, 0, 0, 0, 0, 0, 0, 0, 0, 0, 0, 0, 0, 0, 0, 0, 0, 0, 0, 0, 0]
Sequence : [0, 0, 0, 0, 0, 0, 0, 0, 0, 0, 1, 2, 3, 4, 5, 6, 7, 8, 9, 10, 11, 12, 13, 14, 15]
Scroe : [18.35, 19.63, 10.14, 16.8, 12.61, 21.9, 8.72, 13.25, 10.71, 13.84, 6.99, 15.69, 10.09, 15.79, 8.44, 18.2, 20.75, 22.79, 13.63, 20.49, 22.28, 15.71, 14.94, 19.81, 22.7]
Time taken to solve the MIP model : 0.0102 seconds
---------------------------------
