Can't find feasible solution

Number of initial container : 10
Number of new container : 15
Total number of containers : 25
Level_num : 9
Container_level : [4, 2, 3, 1, 5, 6, 7, 2, 3, 3, 2, 6, 3, 1, 6, 4, 2, 1, 2, 8, 9, 1, 2, 3, 2]
ideal_configuration : 
 [[3. 6. 0. 0. 0. 0. 0. 0. 0. 0.]
 [2. 4. 7. 0. 0. 0. 0. 0. 0. 0.]
 [2. 3. 4. 8. 0. 0. 0. 0. 0. 0.]
 [1. 2. 3. 5. 9. 0. 0. 0. 0. 0.]
 [1. 2. 2. 3. 6. 0. 0. 0. 0. 0.]
 [1. 1. 2. 2. 3. 6. 0. 0. 0. 0.]]
Centroid : {4: (2.5, 3.5), 2: (2.2857142857142856, 1.5714285714285714), 3: (3.0, 2.2), 1: (1.25, 0.75), 5: (4.0, 2.0), 6: (4.333333333333333, 2.0), 7: (3.0, 4.0), 8: (4.0, 3.0), 9: (5.0, 2.0)}
Repeat number : 2
Original weight : [13.89, 8.94, 10.27, 6.48, 15.45, 16.98, 20.6, 9.69, 10.87, 11.12, 8.67, 18.19, 10.1, 5.42, 17.65, 14.48, 7.91, 5.2, 8.25, 21.78, 23.78, 5.81, 8.17, 11.04, 9.68]
Group : [0, 0, 0, 0, 0, 0, 0, 0, 0, 0, 0, 0, 0, 0, 0, 0, 0, 0, 0, 0, 0, 0, 0, 0, 0]
Sequence : [0, 0, 0, 0, 0, 0, 0, 0, 0, 0, 1, 2, 3, 4, 5, 6, 7, 8, 9, 10, 11, 12, 13, 14, 15]
Scroe : [13.89, 8.94, 10.27, 6.48, 15.45, 16.98, 20.6, 9.69, 10.87, 11.12, 8.67, 18.19, 10.1, 5.42, 17.65, 14.48, 7.91, 5.2, 8.25, 21.78, 23.78, 5.81, 8.17, 11.04, 9.68]
Time taken to solve the MIP model : 0.0120 seconds
---------------------------------
