Can't find feasible solution

Number of initial container : 5
Number of new container : 20
Total number of containers : 25
Level_num : 9
Container_level : [8, 6, 9, 8, 1, 6, 3, 1, 6, 6, 3, 3, 8, 1, 8, 8, 1, 1, 3, 3, 8, 1, 1, 6, 6]
ideal_configuration : 
 [[3. 6. 8. 9. 0. 0.]
 [1. 3. 6. 8. 0. 0.]
 [1. 3. 6. 6. 8. 0.]
 [1. 1. 3. 6. 8. 8.]
 [1. 1. 1. 3. 6. 8.]]
Centroid : {8: (3.8333333333333335, 1.8333333333333333), 6: (2.5, 2.0), 9: (3.0, 4.0), 1: (0.5714285714285714, 1.0), 3: (1.4, 2.0)}
Repeat number : 6
Original weight : [18.72, 10.63, 20.25, 12.68, 22.43, 22.26, 22.8, 18.83, 20.65, 21.38, 13.77, 11.25, 13.82, 15.61, 11.18, 6.94, 12.9, 19.58, 9.59, 22.94, 17.22, 15.37, 10.72, 14.74, 23.03]
Group : [3, 2, 3, 3, 0, 2, 1, 0, 2, 2, 1, 1, 3, 0, 3, 3, 0, 0, 1, 1, 3, 0, 0, 2, 2]
Sequence : [0, 0, 0, 0, 0, 1, 2, 3, 4, 5, 6, 7, 8, 9, 10, 11, 12, 13, 14, 15, 16, 17, 18, 19, 20]
Scroe : [318.72, 210.63, 320.25, 312.68, 22.43, 222.26, 122.8, 18.83, 220.65, 221.38, 113.77, 111.25, 313.82, 15.61, 311.18, 306.94, 12.9, 19.58, 109.59, 122.94, 317.22, 15.37, 10.72, 214.74, 223.03]
Time taken to solve the MIP model : 0.0214 seconds
---------------------------------
