Can't find feasible solution

Number of initial container : 5
Number of new container : 20
Total number of containers : 25
Level_num : 9
Container_level : [1, 1, 8, 9, 3, 1, 1, 1, 6, 6, 6, 1, 6, 3, 1, 8, 1, 8, 3, 3, 6, 6, 1, 6, 6]
ideal_configuration : 
 [[3. 6. 6. 9. 0. 0.]
 [1. 3. 6. 8. 0. 0.]
 [1. 1. 3. 6. 8. 0.]
 [1. 1. 1. 6. 6. 8.]
 [1. 1. 1. 3. 6. 6.]]
Centroid : {1: (0.7777777777777778, 1.1111111111111112), 8: (4.0, 2.0), 9: (3.0, 4.0), 3: (1.5, 2.25), 6: (3.0, 1.875)}
Repeat number : 21
Original weight : [13.36, 19.8, 13.5, 20.04, 16.46, 19.87, 21.85, 7.35, 8.47, 11.85, 11.87, 12.11, 11.76, 16.2, 17.12, 6.46, 7.89, 10.55, 13.56, 22.84, 5.36, 10.14, 20.61, 5.69, 16.48]
Group : [0, 0, 3, 3, 1, 0, 0, 0, 2, 2, 2, 0, 2, 1, 0, 3, 0, 3, 1, 1, 2, 2, 0, 2, 2]
Sequence : [0, 0, 0, 0, 0, 1, 2, 3, 4, 5, 6, 7, 8, 9, 10, 11, 12, 13, 14, 15, 16, 17, 18, 19, 20]
Scroe : [13.36, 19.8, 313.5, 320.04, 116.46000000000001, 19.87, 21.85, 7.35, 208.47, 211.85, 211.87, 12.11, 211.76, 116.2, 17.12, 306.46, 7.89, 310.55, 113.56, 122.84, 205.36, 210.14, 20.61, 205.69, 216.48]
Time taken to solve the MIP model : 0.0064 seconds
---------------------------------
