Can't find feasible solution

Number of initial container : 5
Number of new container : 20
Total number of containers : 25
Level_num : 9
Container_level : [3, 1, 3, 3, 1, 9, 3, 6, 3, 8, 3, 3, 3, 8, 6, 8, 8, 6, 3, 8, 6, 8, 6, 8, 3]
ideal_configuration : 
 [[3. 6. 8. 9. 0. 0.]
 [3. 3. 6. 8. 0. 0.]
 [3. 3. 6. 8. 8. 0.]
 [1. 3. 3. 6. 8. 8.]
 [1. 3. 3. 3. 6. 8.]]
Centroid : {3: (1.1, 1.6), 1: (0.0, 0.5), 9: (3.0, 4.0), 6: (2.4, 2.0), 8: (3.7142857142857144, 1.8571428571428572)}
Repeat number : 8
Original weight : [17.44, 10.05, 14.11, 19.96, 13.98, 16.43, 17.03, 15.59, 10.86, 6.59, 11.7, 12.1, 20.31, 15.58, 22.63, 6.13, 7.22, 8.45, 6.94, 5.97, 8.41, 8.85, 11.33, 15.27, 22.6]
Group : [1, 0, 1, 1, 0, 3, 1, 2, 1, 3, 1, 1, 1, 3, 2, 3, 3, 2, 1, 3, 2, 3, 2, 3, 1]
Sequence : [0, 0, 0, 0, 0, 1, 2, 3, 4, 5, 6, 7, 8, 9, 10, 11, 12, 13, 14, 15, 16, 17, 18, 19, 20]
Scroe : [117.44, 10.05, 114.11, 119.96000000000001, 13.98, 316.43, 117.03, 215.59, 110.86, 306.59, 111.7, 112.1, 120.31, 315.58, 222.63, 306.13, 307.22, 208.45, 106.94, 305.97, 208.41, 308.85, 211.33, 315.27, 122.6]
Time taken to solve the MIP model : 0.0000 seconds
---------------------------------
