Can't find feasible solution

Number of initial container : 10
Number of new container : 10
Total number of containers : 20
Level_num : 9
Container_level : [4, 1, 3, 1, 1, 6, 6, 9, 1, 1, 3, 6, 6, 3, 1, 1, 3, 1, 3, 1]
ideal_configuration : 
 [[3. 6. 0. 0. 0. 0.]
 [1. 3. 6. 0. 0. 0.]
 [1. 1. 3. 6. 0. 0.]
 [1. 1. 1. 3. 6. 0.]
 [1. 1. 1. 3. 4. 9.]]
Centroid : {4: (4.0, 0.0), 1: (0.7777777777777778, 1.1111111111111112), 3: (1.8, 2.0), 6: (2.5, 2.5), 9: (5.0, 0.0)}
Repeat number : 16
Original weight : [20.95, 17.44, 11.83, 13.79, 18.7, 11.52, 22.79, 10.81, 19.93, 23.32, 12.02, 5.92, 22.66, 9.62, 6.46, 6.78, 17.16, 5.95, 9.43, 5.64]
Group : [1, 0, 1, 0, 0, 2, 2, 3, 0, 0, 1, 2, 2, 1, 0, 0, 1, 0, 1, 0]
Sequence : [0, 0, 0, 0, 0, 0, 0, 0, 0, 0, 1, 2, 3, 4, 5, 6, 7, 8, 9, 10]
Scroe : [120.95, 17.44, 111.83, 13.79, 18.7, 211.52, 222.79, 310.81, 19.93, 23.32, 112.02, 205.92, 222.66, 109.62, 6.46, 6.78, 117.16, 5.95, 109.43, 5.64]
Time taken to solve the MIP model : 0.0000 seconds
---------------------------------
