Can't find feasible solution

Number of initial container : 10
Number of new container : 10
Total number of containers : 20
Level_num : 9
Container_level : [3, 8, 3, 3, 8, 6, 8, 1, 6, 3, 3, 3, 9, 3, 3, 8, 1, 8, 8, 6]
ideal_configuration : 
 [[6. 8. 0. 0. 0. 0.]
 [3. 6. 8. 0. 0. 0.]
 [3. 3. 6. 8. 0. 0.]
 [1. 3. 3. 8. 8. 0.]
 [1. 3. 3. 3. 8. 9.]]
Centroid : {3: (1.25, 1.125), 8: (2.8333333333333335, 1.8333333333333333), 6: (1.0, 3.0), 1: (0.0, 0.5), 9: (5.0, 0.0)}
Repeat number : 10
Original weight : [18.64, 11.79, 20.83, 16.7, 14.63, 13.16, 9.38, 22.64, 22.09, 5.2, 12.12, 7.49, 22.97, 23.89, 21.0, 21.56, 9.03, 19.99, 13.89, 7.06]
Group : [1, 3, 1, 1, 3, 2, 3, 0, 2, 1, 1, 1, 3, 1, 1, 3, 0, 3, 3, 2]
Sequence : [0, 0, 0, 0, 0, 0, 0, 0, 0, 0, 1, 2, 3, 4, 5, 6, 7, 8, 9, 10]
Scroe : [118.64, 311.79, 120.83, 116.7, 314.63, 213.16, 309.38, 22.64, 222.09, 105.2, 112.12, 107.49, 322.97, 123.89, 121.0, 321.56, 9.03, 319.99, 313.89, 207.06]
Time taken to solve the MIP model : 0.0000 seconds
---------------------------------
