Can't find feasible solution

Number of initial container : 10
Number of new container : 10
Total number of containers : 20
Level_num : 9
Container_level : [8, 6, 3, 5, 3, 8, 6, 1, 1, 8, 9, 6, 1, 1, 6, 1, 3, 8, 3, 1]
ideal_configuration : 
 [[5. 8. 0. 0. 0. 0.]
 [3. 6. 8. 0. 0. 0.]
 [1. 3. 6. 8. 0. 0.]
 [1. 1. 3. 6. 8. 0.]
 [1. 1. 1. 3. 6. 9.]]
Centroid : {8: (2.5, 2.5), 6: (2.5, 1.5), 3: (1.5, 1.5), 5: (0.0, 4.0), 1: (0.6666666666666666, 0.6666666666666666), 9: (5.0, 0.0)}
Repeat number : 26
Original weight : [17.98, 9.12, 14.62, 5.88, 10.18, 15.77, 21.82, 16.53, 18.65, 12.79, 20.47, 14.98, 15.22, 18.48, 14.18, 15.11, 11.08, 19.39, 16.93, 15.22]
Group : [3, 2, 1, 2, 1, 3, 2, 0, 0, 3, 3, 2, 0, 0, 2, 0, 1, 3, 1, 0]
Sequence : [0, 0, 0, 0, 0, 0, 0, 0, 0, 0, 1, 2, 3, 4, 5, 6, 7, 8, 9, 10]
Scroe : [317.98, 209.12, 114.62, 205.88, 110.18, 315.77, 221.82, 16.53, 18.65, 312.79, 320.47, 214.98, 15.22, 18.48, 214.18, 15.11, 111.08, 319.39, 116.93, 15.22]
Time taken to solve the MIP model : 0.0197 seconds
---------------------------------
