Can't find feasible solution

Number of initial container : 10
Number of new container : 10
Total number of containers : 20
Level_num : 9
Container_level : [3, 8, 6, 8, 9, 6, 3, 6, 8, 1, 1, 1, 1, 3, 8, 6, 8, 1, 6, 6]
ideal_configuration : 
 [[6. 8. 0. 0. 0. 0.]
 [3. 6. 8. 0. 0. 0.]
 [1. 3. 6. 8. 0. 0.]
 [1. 1. 6. 6. 8. 0.]
 [1. 1. 3. 6. 8. 9.]]
Centroid : {3: (1.0, 1.6666666666666667), 8: (2.8, 2.0), 6: (1.8333333333333333, 1.8333333333333333), 9: (5.0, 0.0), 1: (0.4, 0.8)}
Repeat number : 1
Original weight : [11.2, 5.94, 18.93, 6.36, 21.55, 18.23, 12.37, 12.66, 8.99, 17.56, 19.24, 21.49, 7.99, 14.51, 11.68, 13.87, 19.07, 10.81, 7.29, 17.72]
Group : [1, 3, 2, 3, 3, 2, 1, 2, 3, 0, 0, 0, 0, 1, 3, 2, 3, 0, 2, 2]
Sequence : [0, 0, 0, 0, 0, 0, 0, 0, 0, 0, 1, 2, 3, 4, 5, 6, 7, 8, 9, 10]
Scroe : [111.2, 305.94, 218.93, 306.36, 321.55, 218.23, 112.37, 212.66, 308.99, 17.56, 19.24, 21.49, 7.99, 114.51, 311.68, 213.87, 319.07, 10.81, 207.29, 217.72]
Time taken to solve the MIP model : 0.0000 seconds
---------------------------------
