Can't find feasible solution

Number of initial container : 10
Number of new container : 10
Total number of containers : 20
Level_num : 9
Container_level : [3, 1, 8, 1, 8, 6, 1, 8, 1, 3, 1, 6, 6, 3, 9, 1, 1, 6, 8, 1]
ideal_configuration : 
 [[3. 8. 0. 0. 0. 0.]
 [1. 6. 8. 0. 0. 0.]
 [1. 1. 6. 8. 0. 0.]
 [1. 1. 3. 6. 8. 0.]
 [1. 1. 1. 3. 6. 9.]]
Centroid : {3: (1.6666666666666667, 1.6666666666666667), 1: (0.625, 1.125), 8: (2.5, 2.5), 6: (2.5, 1.5), 9: (5.0, 0.0)}
Repeat number : 19
Original weight : [16.24, 23.98, 5.07, 16.77, 9.93, 13.23, 8.71, 19.63, 8.34, 5.6, 18.4, 21.84, 9.13, 23.76, 20.47, 23.92, 21.86, 20.05, 13.09, 24.0]
Group : [1, 0, 3, 0, 3, 2, 0, 3, 0, 1, 0, 2, 2, 1, 3, 0, 0, 2, 3, 0]
Sequence : [0, 0, 0, 0, 0, 0, 0, 0, 0, 0, 1, 2, 3, 4, 5, 6, 7, 8, 9, 10]
Scroe : [116.24, 23.98, 305.07, 16.77, 309.93, 213.23, 8.71, 319.63, 8.34, 105.6, 18.4, 221.84, 209.13, 123.76, 320.47, 23.92, 21.86, 220.05, 313.09, 24.0]
Time taken to solve the MIP model : 0.0000 seconds
---------------------------------
