Can't find feasible solution

Number of initial container : 10
Number of new container : 10
Total number of containers : 20
Level_num : 9
Container_level : [1, 8, 6, 6, 9, 8, 3, 3, 6, 8, 8, 1, 3, 6, 1, 6, 1, 3, 1, 3]
ideal_configuration : 
 [[6. 8. 0. 0. 0. 0.]
 [3. 6. 8. 0. 0. 0.]
 [1. 3. 6. 8. 0. 0.]
 [1. 1. 3. 6. 8. 0.]
 [1. 1. 3. 3. 6. 9.]]
Centroid : {1: (0.4, 0.8), 8: (2.5, 2.5), 6: (2.0, 2.0), 9: (5.0, 0.0), 3: (1.6, 1.2)}
Repeat number : 18
Original weight : [14.28, 9.94, 22.74, 15.73, 23.34, 8.98, 19.11, 20.4, 21.18, 19.46, 6.0, 11.94, 20.15, 8.08, 14.21, 17.45, 20.75, 16.28, 14.46, 13.77]
Group : [0, 3, 2, 2, 3, 3, 1, 1, 2, 3, 3, 0, 1, 2, 0, 2, 0, 1, 0, 1]
Sequence : [0, 0, 0, 0, 0, 0, 0, 0, 0, 0, 1, 2, 3, 4, 5, 6, 7, 8, 9, 10]
Scroe : [14.28, 309.94, 222.74, 215.73, 323.34, 308.98, 119.11, 120.4, 221.18, 319.46, 306.0, 11.94, 120.15, 208.08, 14.21, 217.45, 20.75, 116.28, 14.46, 113.77]
Time taken to solve the MIP model : 0.0000 seconds
---------------------------------
