Can't find feasible solution

Number of initial container : 10
Number of new container : 10
Total number of containers : 20
Level_num : 9
Container_level : [4, 1, 3, 1, 3, 8, 1, 1, 3, 1, 8, 1, 8, 1, 6, 3, 1, 1, 9, 1]
ideal_configuration : 
 [[3. 6. 0. 0. 0. 0.]
 [1. 3. 8. 0. 0. 0.]
 [1. 1. 3. 8. 0. 0.]
 [1. 1. 1. 3. 8. 0.]
 [1. 1. 1. 1. 4. 9.]]
Centroid : {4: (4.0, 0.0), 1: (1.0, 1.0), 3: (1.5, 2.5), 8: (3.0, 2.0), 6: (1.0, 4.0), 9: (5.0, 0.0)}
Repeat number : 14
Original weight : [23.89, 13.08, 15.48, 15.44, 19.43, 11.02, 9.19, 7.27, 21.72, 20.36, 5.71, 21.81, 6.35, 13.45, 23.24, 15.57, 8.27, 5.15, 20.76, 15.83]
Group : [1, 0, 1, 0, 1, 3, 0, 0, 1, 0, 3, 0, 3, 0, 2, 1, 0, 0, 3, 0]
Sequence : [0, 0, 0, 0, 0, 0, 0, 0, 0, 0, 1, 2, 3, 4, 5, 6, 7, 8, 9, 10]
Scroe : [123.89, 13.08, 115.48, 15.44, 119.43, 311.02, 9.19, 7.27, 121.72, 20.36, 305.71, 21.81, 306.35, 13.45, 223.24, 115.57, 8.27, 5.15, 320.76, 15.83]
Time taken to solve the MIP model : 0.0155 seconds
---------------------------------
