Can't find feasible solution

Number of initial container : 10
Number of new container : 10
Total number of containers : 20
Level_num : 9
Container_level : [6, 6, 3, 6, 1, 3, 9, 6, 6, 6, 6, 6, 6, 3, 1, 3, 1, 1, 6, 3]
ideal_configuration : 
 [[6. 6. 0. 0. 0. 0.]
 [3. 6. 6. 0. 0. 0.]
 [1. 3. 6. 6. 0. 0.]
 [1. 3. 3. 6. 6. 0.]
 [1. 1. 3. 6. 6. 9.]]
Centroid : {6: (2.3, 2.0), 3: (1.2, 1.4), 1: (0.25, 0.75), 9: (5.0, 0.0)}
Repeat number : 2
Original weight : [17.01, 15.22, 19.45, 9.29, 5.21, 18.05, 18.81, 16.3, 21.98, 15.33, 19.92, 8.79, 8.32, 7.65, 12.9, 11.06, 15.42, 22.11, 12.63, 14.52]
Group : [2, 2, 1, 2, 0, 1, 3, 2, 2, 2, 2, 2, 2, 1, 0, 1, 0, 0, 2, 1]
Sequence : [0, 0, 0, 0, 0, 0, 0, 0, 0, 0, 1, 2, 3, 4, 5, 6, 7, 8, 9, 10]
Scroe : [217.01, 215.22, 119.45, 209.29, 5.21, 118.05, 318.81, 216.3, 221.98, 215.33, 219.92000000000002, 208.79, 208.32, 107.65, 12.9, 111.06, 15.42, 22.11, 212.63, 114.52]
Time taken to solve the MIP model : 0.0038 seconds
---------------------------------
