Can't find feasible solution

Number of initial container : 10
Number of new container : 10
Total number of containers : 20
Level_num : 9
Container_level : [8, 6, 1, 1, 6, 1, 1, 6, 8, 3, 1, 1, 6, 6, 6, 8, 6, 1, 1, 9]
ideal_configuration : 
 [[6. 6. 0. 0. 0. 0.]
 [1. 6. 8. 0. 0. 0.]
 [1. 1. 6. 8. 0. 0.]
 [1. 1. 3. 6. 8. 0.]
 [1. 1. 1. 6. 6. 9.]]
Centroid : {8: (3.0, 2.0), 6: (2.0, 2.0), 1: (0.625, 1.125), 3: (2.0, 1.0), 9: (5.0, 0.0)}
Repeat number : 17
Original weight : [7.97, 21.23, 20.43, 9.38, 6.34, 12.94, 23.11, 5.86, 17.28, 12.18, 15.6, 7.7, 17.39, 7.1, 11.47, 6.24, 13.34, 8.4, 15.67, 22.94]
Group : [3, 2, 0, 0, 2, 0, 0, 2, 3, 1, 0, 0, 2, 2, 2, 3, 2, 0, 0, 3]
Sequence : [0, 0, 0, 0, 0, 0, 0, 0, 0, 0, 1, 2, 3, 4, 5, 6, 7, 8, 9, 10]
Scroe : [307.97, 221.23, 20.43, 9.38, 206.34, 12.94, 23.11, 205.86, 317.28, 112.18, 15.6, 7.7, 217.39, 207.1, 211.47, 306.24, 213.34, 8.4, 15.67, 322.94]
Time taken to solve the MIP model : 0.0052 seconds
---------------------------------
