Can't find feasible solution

Number of initial container : 3
Number of new container : 20
Total number of containers : 23
Level_num : 9
Container_level : [6, 6, 3, 1, 1, 8, 1, 3, 9, 1, 8, 3, 3, 6, 3, 3, 8, 1, 6, 3, 3, 8, 6]
ideal_configuration : 
 [[3. 6. 8. 0. 0. 0.]
 [3. 3. 6. 8. 0. 0.]
 [1. 3. 3. 6. 9. 0.]
 [1. 1. 3. 6. 8. 0.]
 [1. 1. 3. 3. 6. 8.]]
Centroid : {6: (2.6, 2.0), 3: (1.375, 1.875), 1: (0.4, 0.8), 8: (3.5, 2.0), 9: (4.0, 2.0)}
Repeat number : 24
Original weight : [14.11, 14.96, 12.29, 7.64, 18.71, 6.55, 21.38, 5.99, 22.94, 23.56, 8.6, 20.84, 16.78, 15.29, 18.61, 13.23, 8.45, 10.46, 6.64, 12.87, 19.17, 15.04, 23.86]
Group : [2, 2, 1, 0, 0, 3, 0, 1, 3, 0, 3, 1, 1, 2, 1, 1, 3, 0, 2, 1, 1, 3, 2]
Sequence : [0, 0, 0, 1, 2, 3, 4, 5, 6, 7, 8, 9, 10, 11, 12, 13, 14, 15, 16, 17, 18, 19, 20]
Scroe : [214.11, 214.96, 112.28999999999999, 7.64, 18.71, 306.55, 21.38, 105.99, 322.94, 23.56, 308.6, 120.84, 116.78, 215.29, 118.61, 113.23, 308.45, 10.46, 206.64, 112.87, 119.17, 315.04, 223.86]
Time taken to solve the MIP model : 0.0156 seconds
---------------------------------
