Can't find feasible solution

Number of initial container : 5
Number of new container : 15
Total number of containers : 20
Level_num : 9
Container_level : [8, 3, 7, 3, 2, 7, 2, 3, 5, 1, 9, 4, 3, 4, 1, 1, 4, 3, 1, 8]
ideal_configuration : 
 [[7. 0. 0. 0. 0. 0. 0. 0. 0. 0.]
 [3. 7. 0. 0. 0. 0. 0. 0. 0. 0.]
 [3. 4. 8. 0. 0. 0. 0. 0. 0. 0.]
 [1. 3. 4. 8. 0. 0. 0. 0. 0. 0.]
 [1. 2. 3. 4. 9. 0. 0. 0. 0. 0.]
 [1. 1. 2. 3. 5. 0. 0. 0. 0. 0.]]
Centroid : {8: (3.5, 2.5), 3: (2.2, 2.0), 7: (1.5, 4.5), 2: (2.5, 0.5), 5: (5.0, 0.0), 1: (1.25, 0.75), 9: (5.0, 1.0), 4: (3.0, 2.0)}
Repeat number : 6
Original weight : [20.94, 11.61, 19.73, 11.65, 9.69, 19.73, 8.44, 10.3, 15.06, 6.91, 22.23, 12.91, 10.54, 12.46, 5.76, 6.76, 12.68, 10.99, 6.01, 20.94]
Group : [0, 0, 0, 0, 0, 0, 0, 0, 0, 0, 0, 0, 0, 0, 0, 0, 0, 0, 0, 0]
Sequence : [0, 0, 0, 0, 0, 1, 2, 3, 4, 5, 6, 7, 8, 9, 10, 11, 12, 13, 14, 15]
Scroe : [20.94, 11.61, 19.73, 11.65, 9.69, 19.73, 8.44, 10.3, 15.06, 6.91, 22.23, 12.91, 10.54, 12.46, 5.76, 6.76, 12.68, 10.99, 6.01, 20.94]
Time taken to solve the MIP model : 0.0070 seconds
---------------------------------
