Can't find feasible solution

Number of initial container : 5
Number of new container : 15
Total number of containers : 20
Level_num : 9
Container_level : [2, 5, 7, 1, 8, 3, 6, 1, 5, 2, 4, 9, 1, 5, 2, 8, 6, 2, 8, 4]
ideal_configuration : 
 [[7. 0. 0. 0. 0. 0. 0. 0. 0. 0.]
 [5. 8. 0. 0. 0. 0. 0. 0. 0. 0.]
 [2. 5. 8. 0. 0. 0. 0. 0. 0. 0.]
 [2. 3. 5. 8. 0. 0. 0. 0. 0. 0.]
 [1. 2. 4. 6. 9. 0. 0. 0. 0. 0.]
 [1. 1. 2. 4. 6. 0. 0. 0. 0. 0.]]
Centroid : {2: (1.75, 1.5), 5: (2.0, 3.0), 7: (1.0, 5.0), 1: (1.3333333333333333, 0.3333333333333333), 8: (3.0, 3.0), 3: (2.0, 2.0), 6: (4.5, 0.5), 4: (3.5, 0.5), 9: (5.0, 1.0)}
Repeat number : 23
Original weight : [8.4, 15.58, 20.16, 5.94, 22.33, 12.09, 17.14, 6.74, 14.46, 8.64, 12.24, 22.57, 6.34, 15.88, 9.7, 22.43, 18.38, 10.07, 21.11, 12.77]
Group : [0, 0, 0, 0, 0, 0, 0, 0, 0, 0, 0, 0, 0, 0, 0, 0, 0, 0, 0, 0]
Sequence : [0, 0, 0, 0, 0, 1, 2, 3, 4, 5, 6, 7, 8, 9, 10, 11, 12, 13, 14, 15]
Scroe : [8.4, 15.58, 20.16, 5.94, 22.33, 12.09, 17.14, 6.74, 14.46, 8.64, 12.24, 22.57, 6.34, 15.88, 9.7, 22.43, 18.38, 10.07, 21.11, 12.77]
Time taken to solve the MIP model : 0.0130 seconds
---------------------------------
