Can't find feasible solution

Number of initial container : 5
Number of new container : 15
Total number of containers : 20
Level_num : 9
Container_level : [5, 2, 3, 3, 4, 3, 1, 6, 7, 5, 4, 7, 5, 4, 1, 6, 6, 9, 6, 3]
ideal_configuration : 
 [[6. 0. 0. 0. 0. 0. 0. 0. 0. 0.]
 [5. 6. 0. 0. 0. 0. 0. 0. 0. 0.]
 [3. 5. 7. 0. 0. 0. 0. 0. 0. 0.]
 [3. 4. 5. 7. 0. 0. 0. 0. 0. 0.]
 [1. 3. 4. 6. 9. 0. 0. 0. 0. 0.]
 [1. 2. 3. 4. 6. 0. 0. 0. 0. 0.]]
Centroid : {5: (2.0, 3.0), 2: (2.0, 0.0), 3: (1.75, 1.5), 4: (3.0, 1.0), 1: (1.0, 0.5), 6: (3.0, 2.5), 7: (3.5, 2.5), 9: (5.0, 1.0)}
Repeat number : 15
Original weight : [17.33, 9.83, 12.96, 12.3, 14.47, 12.25, 7.78, 19.28, 20.99, 16.22, 14.41, 20.07, 17.1, 15.51, 8.73, 19.74, 19.38, 23.75, 18.77, 13.27]
Group : [0, 0, 0, 0, 0, 0, 0, 0, 0, 0, 0, 0, 0, 0, 0, 0, 0, 0, 0, 0]
Sequence : [0, 0, 0, 0, 0, 1, 2, 3, 4, 5, 6, 7, 8, 9, 10, 11, 12, 13, 14, 15]
Scroe : [17.33, 9.83, 12.96, 12.3, 14.47, 12.25, 7.78, 19.28, 20.99, 16.22, 14.41, 20.07, 17.1, 15.51, 8.73, 19.74, 19.38, 23.75, 18.77, 13.27]
Time taken to solve the MIP model : 0.0209 seconds
---------------------------------
