Can't find feasible solution

Number of initial container : 5
Number of new container : 15
Total number of containers : 20
Level_num : 9
Container_level : [5, 4, 2, 2, 5, 5, 4, 8, 4, 2, 4, 7, 1, 5, 1, 6, 1, 8, 5, 9]
ideal_configuration : 
 [[6. 0. 0. 0. 0. 0. 0. 0. 0. 0.]
 [5. 7. 0. 0. 0. 0. 0. 0. 0. 0.]
 [4. 5. 8. 0. 0. 0. 0. 0. 0. 0.]
 [2. 4. 5. 8. 0. 0. 0. 0. 0. 0.]
 [1. 2. 4. 5. 9. 0. 0. 0. 0. 0.]
 [1. 1. 2. 4. 5. 0. 0. 0. 0. 0.]]
Centroid : {5: (3.0, 2.0), 4: (2.5, 1.5), 2: (2.0, 1.0), 8: (3.5, 2.5), 7: (2.0, 4.0), 1: (1.3333333333333333, 0.3333333333333333), 6: (1.0, 5.0), 9: (5.0, 1.0)}
Repeat number : 12
Original weight : [15.81, 13.79, 9.47, 9.74, 15.49, 14.8, 12.84, 21.75, 14.75, 9.5, 14.36, 19.28, 7.07, 15.38, 5.97, 19.03, 6.85, 22.11, 16.05, 23.62]
Group : [0, 0, 0, 0, 0, 0, 0, 0, 0, 0, 0, 0, 0, 0, 0, 0, 0, 0, 0, 0]
Sequence : [0, 0, 0, 0, 0, 1, 2, 3, 4, 5, 6, 7, 8, 9, 10, 11, 12, 13, 14, 15]
Scroe : [15.81, 13.79, 9.47, 9.74, 15.49, 14.8, 12.84, 21.75, 14.75, 9.5, 14.36, 19.28, 7.07, 15.38, 5.97, 19.03, 6.85, 22.11, 16.05, 23.62]
Time taken to solve the MIP model : 0.0130 seconds
---------------------------------
