Can't find feasible solution

Number of initial container : 7
Number of new container : 13
Total number of containers : 20
Level_num : 9
Container_level : [9, 4, 3, 8, 8, 6, 4, 2, 1, 3, 6, 6, 6, 7, 5, 4, 6, 5, 8, 6]
ideal_configuration : 
 [[6. 7. 0. 0. 0. 0.]
 [4. 6. 8. 0. 0. 0.]
 [3. 5. 6. 8. 0. 0.]
 [2. 4. 5. 6. 8. 0.]
 [1. 3. 4. 6. 6. 9.]]
Centroid : {9: (6.0, 0.0), 4: (2.0, 1.3333333333333333), 3: (1.5, 1.0), 8: (4.0, 2.0), 6: (3.1666666666666665, 1.6666666666666667), 2: (1.0, 1.0), 1: (1.0, 0.0), 7: (2.0, 4.0), 5: (2.5, 1.5)}
Repeat number : 6
Original weight : [20.89, 12.64, 10.39, 20.47, 20.13, 17.19, 12.6, 10.11, 6.89, 11.88, 17.17, 16.08, 16.7, 18.21, 14.69, 12.2, 16.41, 14.33, 19.71, 16.71]
Sequence : [0, 0, 0, 0, 0, 0, 0, 1, 2, 3, 4, 5, 6, 7, 8, 9, 10, 11, 12, 13]
Emergency : [0, 0, 0, 0, 0, 0, 0, 0, 0, 0, 0, 0, 0, 0, 0, 0, 0, 0, 0, 0]
Time taken to solve the MIP model : 0.0055 seconds
---------------------------------
