Can't find feasible solution

Number of initial container : 7
Number of new container : 13
Total number of containers : 20
Level_num : 9
Container_level : [5, 6, 4, 5, 1, 8, 9, 8, 5, 5, 5, 5, 1, 2, 8, 1, 3, 5, 5, 5]
ideal_configuration : 
 [[5. 6. 0. 0. 0. 0.]
 [5. 5. 8. 0. 0. 0.]
 [2. 5. 5. 8. 0. 0.]
 [1. 3. 5. 5. 8. 0.]
 [1. 1. 4. 5. 5. 9.]]
Centroid : {5: (2.7777777777777777, 1.7777777777777777), 6: (2.0, 4.0), 4: (3.0, 0.0), 1: (1.3333333333333333, 0.3333333333333333), 8: (4.0, 2.0), 9: (6.0, 0.0), 2: (1.0, 2.0), 3: (2.0, 1.0)}
Repeat number : 23
Original weight : [16.33, 17.58, 13.72, 16.43, 5.34, 22.57, 23.64, 22.51, 14.45, 15.27, 15.91, 16.56, 6.58, 9.25, 23.01, 5.16, 10.58, 14.43, 14.85, 14.41]
Sequence : [0, 0, 0, 0, 0, 0, 0, 1, 2, 3, 4, 5, 6, 7, 8, 9, 10, 11, 12, 13]
Emergency : [0, 0, 0, 0, 0, 0, 0, 0, 0, 0, 0, 0, 0, 0, 0, 0, 0, 0, 0, 0]
Time taken to solve the MIP model : 0.0065 seconds
---------------------------------
