Can't find feasible solution

Number of initial container : 7
Number of new container : 13
Total number of containers : 20
Level_num : 9
Container_level : [7, 1, 7, 3, 2, 3, 6, 7, 6, 2, 8, 7, 3, 9, 2, 6, 1, 5, 1, 8]
ideal_configuration : 
 [[6. 7. 0. 0. 0. 0.]
 [3. 6. 7. 0. 0. 0.]
 [2. 3. 6. 8. 0. 0.]
 [1. 2. 3. 7. 8. 0.]
 [1. 1. 2. 5. 7. 9.]]
Centroid : {7: (3.5, 2.0), 1: (1.3333333333333333, 0.3333333333333333), 3: (2.0, 2.0), 2: (2.0, 1.0), 6: (2.0, 3.0), 8: (4.5, 1.5), 9: (6.0, 0.0), 5: (4.0, 0.0)}
Repeat number : 19
Original weight : [21.24, 8.55, 21.16, 11.99, 10.42, 11.3, 18.36, 21.51, 19.25, 9.35, 23.16, 19.99, 11.77, 23.86, 10.58, 18.52, 6.84, 16.38, 6.9, 22.61]
Sequence : [0, 0, 0, 0, 0, 0, 0, 1, 2, 3, 4, 5, 6, 7, 8, 9, 10, 11, 12, 13]
Emergency : [0, 0, 0, 0, 0, 0, 0, 0, 0, 0, 0, 0, 0, 0, 0, 0, 0, 0, 0, 0]
Time taken to solve the MIP model : 0.0070 seconds
---------------------------------
