Can't find feasible solution

Number of initial container : 7
Number of new container : 13
Total number of containers : 20
Level_num : 9
Container_level : [3, 4, 8, 5, 1, 1, 2, 6, 5, 8, 7, 7, 2, 6, 1, 6, 9, 5, 4, 7]
ideal_configuration : 
 [[5. 7. 0. 0. 0. 0.]
 [4. 6. 7. 0. 0. 0.]
 [2. 4. 6. 8. 0. 0.]
 [1. 2. 5. 6. 8. 0.]
 [1. 1. 3. 5. 7. 9.]]
Centroid : {3: (3.0, 0.0), 4: (1.5, 2.5), 8: (4.5, 1.5), 5: (2.6666666666666665, 1.6666666666666667), 1: (1.3333333333333333, 0.3333333333333333), 2: (1.5, 1.5), 6: (3.0, 2.0), 7: (3.3333333333333335, 2.3333333333333335), 9: (6.0, 0.0)}
Repeat number : 20
Original weight : [12.88, 16.15, 22.35, 16.59, 8.71, 8.92, 10.92, 18.68, 16.75, 22.78, 20.66, 21.3, 11.58, 18.91, 9.3, 19.75, 23.98, 17.95, 15.6, 22.05]
Sequence : [0, 0, 0, 0, 0, 0, 0, 1, 2, 3, 4, 5, 6, 7, 8, 9, 10, 11, 12, 13]
Emergency : [0, 0, 0, 0, 0, 0, 0, 0, 0, 0, 0, 0, 0, 0, 0, 0, 0, 0, 0, 0]
Time taken to solve the MIP model : 0.0065 seconds
---------------------------------
