Can't find feasible solution

Number of initial container : 10
Number of new container : 10
Total number of containers : 20
Level_num : 9
Container_level : [3, 3, 1, 8, 3, 6, 3, 8, 3, 3, 6, 3, 6, 1, 6, 1, 1, 8, 9, 3]
ideal_configuration : 
 [[3. 6. 0. 0. 0. 0.]
 [3. 3. 8. 0. 0. 0.]
 [1. 3. 6. 8. 0. 0.]
 [1. 3. 3. 6. 8. 0.]
 [1. 1. 3. 3. 6. 9.]]
Centroid : {3: (1.25, 1.75), 1: (0.25, 0.75), 8: (3.0, 2.0), 6: (2.5, 1.75), 9: (5.0, 0.0)}
Repeat number : 23
Original weight : [11.73, 6.65, 13.8, 9.62, 19.26, 22.0, 12.69, 9.34, 5.81, 18.44, 12.75, 20.72, 10.55, 19.34, 10.97, 13.16, 13.88, 12.81, 23.05, 21.34]
Group : [1, 1, 0, 3, 1, 2, 1, 3, 1, 1, 2, 1, 2, 0, 2, 0, 0, 3, 3, 1]
Sequence : [0, 0, 0, 0, 0, 0, 0, 0, 0, 0, 1, 2, 3, 4, 5, 6, 7, 8, 9, 10]
Scroe : [111.73, 106.65, 13.8, 309.62, 119.26, 222.0, 112.69, 309.34, 105.81, 118.44, 212.75, 120.72, 210.55, 19.34, 210.97, 13.16, 13.88, 312.81, 323.05, 121.34]
Time taken to solve the MIP model : 0.0000 seconds
---------------------------------
