Can't find feasible solution

Number of initial container : 10
Number of new container : 10
Total number of containers : 20
Level_num : 9
Container_level : [1, 8, 9, 6, 6, 6, 1, 8, 3, 6, 6, 1, 6, 6, 1, 1, 3, 8, 8, 3]
ideal_configuration : 
 [[6. 8. 0. 0. 0. 0.]
 [3. 6. 8. 0. 0. 0.]
 [1. 3. 6. 8. 0. 0.]
 [1. 1. 6. 6. 8. 0.]
 [1. 1. 3. 6. 6. 9.]]
Centroid : {1: (0.4, 0.8), 8: (2.5, 2.5), 9: (5.0, 0.0), 6: (2.142857142857143, 1.5714285714285714), 3: (1.0, 1.6666666666666667)}
Repeat number : 24
Original weight : [20.02, 14.59, 21.36, 17.22, 21.17, 22.79, 5.78, 19.89, 9.83, 17.31, 20.55, 19.38, 22.11, 23.09, 20.78, 7.31, 14.42, 14.26, 13.86, 17.45]
Group : [0, 3, 3, 2, 2, 2, 0, 3, 1, 2, 2, 0, 2, 2, 0, 0, 1, 3, 3, 1]
Sequence : [0, 0, 0, 0, 0, 0, 0, 0, 0, 0, 1, 2, 3, 4, 5, 6, 7, 8, 9, 10]
Scroe : [20.02, 314.59, 321.36, 217.22, 221.17000000000002, 222.79, 5.78, 319.89, 109.83, 217.31, 220.55, 19.38, 222.11, 223.09, 20.78, 7.31, 114.42, 314.26, 313.86, 117.45]
Time taken to solve the MIP model : 0.0000 seconds
---------------------------------
