Can't find feasible solution

Number of initial container : 10
Number of new container : 10
Total number of containers : 20
Level_num : 9
Container_level : [8, 8, 3, 1, 3, 6, 1, 8, 6, 3, 1, 1, 6, 9, 3, 8, 3, 8, 3, 3]
ideal_configuration : 
 [[3. 8. 0. 0. 0. 0.]
 [3. 6. 8. 0. 0. 0.]
 [1. 3. 6. 8. 0. 0.]
 [1. 3. 3. 6. 8. 0.]
 [1. 1. 3. 3. 8. 9.]]
Centroid : {8: (2.8, 2.0), 3: (1.2857142857142858, 1.5714285714285714), 1: (0.25, 0.75), 6: (2.0, 2.0), 9: (5.0, 0.0)}
Repeat number : 11
Original weight : [15.01, 13.27, 23.9, 16.42, 23.48, 15.4, 21.11, 8.95, 6.95, 19.78, 12.25, 17.65, 19.42, 19.72, 12.8, 14.08, 9.35, 17.04, 6.62, 5.31]
Group : [3, 3, 1, 0, 1, 2, 0, 3, 2, 1, 0, 0, 2, 3, 1, 3, 1, 3, 1, 1]
Sequence : [0, 0, 0, 0, 0, 0, 0, 0, 0, 0, 1, 2, 3, 4, 5, 6, 7, 8, 9, 10]
Scroe : [315.01, 313.27, 123.9, 16.42, 123.48, 215.4, 21.11, 308.95, 206.95, 119.78, 12.25, 17.65, 219.42000000000002, 319.72, 112.8, 314.08, 109.35, 317.04, 106.62, 105.31]
Time taken to solve the MIP model : 0.0173 seconds
---------------------------------
