Can't find feasible solution

Number of initial container : 10
Number of new container : 10
Total number of containers : 20
Level_num : 9
Container_level : [6, 8, 3, 9, 6, 1, 8, 3, 3, 3, 1, 3, 3, 6, 6, 3, 5, 8, 8, 8]
ideal_configuration : 
 [[6. 8. 0. 0. 0. 0.]
 [3. 6. 8. 0. 0. 0.]
 [3. 3. 6. 8. 0. 0.]
 [1. 3. 3. 6. 8. 0.]
 [1. 3. 3. 5. 8. 9.]]
Centroid : {6: (1.5, 2.5), 8: (2.8, 2.0), 3: (1.0, 1.2857142857142858), 9: (5.0, 0.0), 1: (0.0, 0.5), 5: (3.0, 0.0)}
Repeat number : 30
Original weight : [11.13, 16.81, 9.27, 22.27, 15.56, 20.75, 19.56, 22.93, 11.47, 20.86, 17.1, 5.21, 11.94, 20.8, 23.22, 23.66, 5.03, 10.12, 21.43, 9.32]
Group : [2, 3, 1, 3, 2, 0, 3, 1, 1, 1, 0, 1, 1, 2, 2, 1, 2, 3, 3, 3]
Sequence : [0, 0, 0, 0, 0, 0, 0, 0, 0, 0, 1, 2, 3, 4, 5, 6, 7, 8, 9, 10]
Scroe : [211.13, 316.81, 109.27, 322.27, 215.56, 20.75, 319.56, 122.93, 111.47, 120.86, 17.1, 105.21, 111.94, 220.8, 223.22, 123.66, 205.03, 310.12, 321.43, 309.32]
Time taken to solve the MIP model : 0.0000 seconds
---------------------------------
