Can't find feasible solution

Number of initial container : 10
Number of new container : 10
Total number of containers : 20
Level_num : 9
Container_level : [1, 5, 1, 4, 8, 4, 8, 5, 1, 8, 1, 8, 1, 1, 5, 8, 4, 1, 9, 1]
ideal_configuration : 
 [[4. 8. 0. 0. 0. 0.]
 [1. 5. 8. 0. 0. 0.]
 [1. 1. 5. 8. 0. 0.]
 [1. 1. 4. 5. 8. 0.]
 [1. 1. 1. 4. 8. 9.]]
Centroid : {1: (0.625, 1.125), 5: (2.0, 2.0), 4: (1.6666666666666667, 1.6666666666666667), 8: (2.8, 2.0), 9: (5.0, 0.0)}
Repeat number : 13
Original weight : [18.36, 19.34, 6.08, 7.72, 9.88, 12.13, 11.02, 16.43, 15.24, 12.93, 8.72, 16.67, 6.04, 6.99, 13.27, 17.35, 5.54, 12.04, 19.44, 23.91]
Group : [0, 1, 0, 1, 2, 1, 2, 1, 0, 2, 0, 2, 0, 0, 1, 2, 1, 0, 2, 0]
Sequence : [0, 0, 0, 0, 0, 0, 0, 0, 0, 0, 1, 2, 3, 4, 5, 6, 7, 8, 9, 10]
Scroe : [18.36, 119.34, 6.08, 107.72, 209.88, 112.13, 211.02, 116.43, 15.24, 212.93, 8.72, 216.67000000000002, 6.04, 6.99, 113.27, 217.35, 105.54, 12.04, 219.44, 23.91]
Time taken to solve the MIP model : 0.0157 seconds
---------------------------------
