Can't find feasible solution

Number of initial container : 10
Number of new container : 10
Total number of containers : 20
Level_num : 9
Container_level : [1, 9, 3, 6, 6, 3, 1, 1, 6, 1, 1, 3, 3, 1, 1, 3, 6, 8, 1, 6]
ideal_configuration : 
 [[3. 6. 0. 0. 0. 0.]
 [1. 3. 6. 0. 0. 0.]
 [1. 1. 3. 6. 0. 0.]
 [1. 1. 3. 6. 8. 0.]
 [1. 1. 1. 3. 6. 9.]]
Centroid : {1: (0.625, 1.125), 9: (5.0, 0.0), 3: (1.6, 2.0), 6: (2.6, 2.0), 8: (4.0, 1.0)}
Repeat number : 22
Original weight : [19.17, 15.18, 14.62, 6.5, 11.86, 17.58, 8.39, 7.11, 12.48, 8.62, 17.0, 16.99, 19.13, 10.86, 21.24, 13.45, 15.56, 10.07, 15.42, 22.37]
Group : [0, 3, 1, 2, 2, 1, 0, 0, 2, 0, 0, 1, 1, 0, 0, 1, 2, 3, 0, 2]
Sequence : [0, 0, 0, 0, 0, 0, 0, 0, 0, 0, 1, 2, 3, 4, 5, 6, 7, 8, 9, 10]
Scroe : [19.17, 315.18, 114.62, 206.5, 211.86, 117.58, 8.39, 7.11, 212.48, 8.62, 17.0, 116.99, 119.13, 10.86, 21.24, 113.45, 215.56, 310.07, 15.42, 222.37]
Time taken to solve the MIP model : 0.0000 seconds
---------------------------------
