Can't find feasible solution

Number of initial container : 10
Number of new container : 10
Total number of containers : 20
Level_num : 9
Container_level : [3, 6, 1, 1, 3, 8, 1, 6, 1, 1, 8, 9, 1, 1, 1, 6, 1, 8, 6, 6]
ideal_configuration : 
 [[3. 6. 0. 0. 0. 0.]
 [1. 6. 8. 0. 0. 0.]
 [1. 1. 6. 8. 0. 0.]
 [1. 1. 1. 6. 8. 0.]
 [1. 1. 1. 3. 6. 9.]]
Centroid : {3: (1.5, 2.0), 6: (2.2, 2.0), 1: (0.7777777777777778, 1.1111111111111112), 8: (3.0, 2.0), 9: (5.0, 0.0)}
Repeat number : 6
Original weight : [11.39, 14.34, 7.47, 7.23, 22.39, 6.72, 21.67, 9.26, 12.91, 21.82, 7.86, 20.32, 19.01, 17.47, 10.76, 18.81, 18.52, 6.91, 21.9, 11.52]
Group : [1, 2, 0, 0, 1, 3, 0, 2, 0, 0, 3, 3, 0, 0, 0, 2, 0, 3, 2, 2]
Sequence : [0, 0, 0, 0, 0, 0, 0, 0, 0, 0, 1, 2, 3, 4, 5, 6, 7, 8, 9, 10]
Scroe : [111.39, 214.34, 7.47, 7.23, 122.39, 306.72, 21.67, 209.26, 12.91, 21.82, 307.86, 320.32, 19.01, 17.47, 10.76, 218.81, 18.52, 306.91, 221.9, 211.52]
Time taken to solve the MIP model : 0.0000 seconds
---------------------------------
