Can't find feasible solution

Number of initial container : 10
Number of new container : 10
Total number of containers : 20
Level_num : 9
Container_level : [3, 6, 1, 1, 6, 1, 6, 1, 8, 6, 1, 1, 8, 3, 3, 9, 6, 3, 1, 8]
ideal_configuration : 
 [[3. 6. 0. 0. 0. 0.]
 [1. 6. 8. 0. 0. 0.]
 [1. 3. 6. 8. 0. 0.]
 [1. 1. 3. 6. 8. 0.]
 [1. 1. 1. 3. 6. 9.]]
Centroid : {3: (1.5, 1.75), 6: (2.2, 2.0), 1: (0.5714285714285714, 1.0), 8: (3.0, 2.0), 9: (5.0, 0.0)}
Repeat number : 3
Original weight : [5.47, 14.25, 19.42, 10.85, 14.4, 5.8, 8.81, 5.55, 16.91, 20.61, 14.58, 13.51, 5.17, 11.19, 14.03, 21.5, 5.67, 15.6, 5.29, 19.51]
Group : [1, 2, 0, 0, 2, 0, 2, 0, 3, 2, 0, 0, 3, 1, 1, 3, 2, 1, 0, 3]
Sequence : [0, 0, 0, 0, 0, 0, 0, 0, 0, 0, 1, 2, 3, 4, 5, 6, 7, 8, 9, 10]
Scroe : [105.47, 214.25, 19.42, 10.85, 214.4, 5.8, 208.81, 5.55, 316.91, 220.61, 14.58, 13.51, 305.17, 111.19, 114.03, 321.5, 205.67, 115.6, 5.29, 319.51]
Time taken to solve the MIP model : 0.0000 seconds
---------------------------------
