Can't find feasible solution

Number of initial container : 10
Number of new container : 10
Total number of containers : 20
Level_num : 9
Container_level : [6, 3, 1, 8, 9, 1, 1, 3, 8, 3, 8, 8, 3, 3, 1, 8, 6, 3, 6, 8]
ideal_configuration : 
 [[6. 8. 0. 0. 0. 0.]
 [3. 6. 8. 0. 0. 0.]
 [1. 3. 6. 8. 0. 0.]
 [1. 3. 3. 8. 8. 0.]
 [1. 1. 3. 3. 8. 9.]]
Centroid : {6: (1.0, 3.0), 3: (1.5, 1.1666666666666667), 1: (0.25, 0.75), 8: (2.8333333333333335, 1.8333333333333333), 9: (5.0, 0.0)}
Repeat number : 4
Original weight : [5.32, 19.1, 9.47, 12.21, 17.86, 16.25, 16.43, 12.32, 9.41, 17.56, 6.15, 13.1, 14.16, 21.69, 11.79, 6.0, 18.69, 21.6, 19.32, 16.51]
Group : [2, 1, 0, 3, 3, 0, 0, 1, 3, 1, 3, 3, 1, 1, 0, 3, 2, 1, 2, 3]
Sequence : [0, 0, 0, 0, 0, 0, 0, 0, 0, 0, 1, 2, 3, 4, 5, 6, 7, 8, 9, 10]
Scroe : [205.32, 119.1, 9.47, 312.21, 317.86, 16.25, 16.43, 112.32, 309.41, 117.56, 306.15, 313.1, 114.16, 121.69, 11.79, 306.0, 218.69, 121.6, 219.32, 316.51]
Time taken to solve the MIP model : 0.0000 seconds
---------------------------------
