Can't find feasible solution

Number of initial container : 10
Number of new container : 10
Total number of containers : 20
Level_num : 9
Container_level : [6, 6, 8, 3, 1, 6, 3, 3, 1, 9, 3, 1, 1, 6, 3, 1, 8, 8, 1, 8]
ideal_configuration : 
 [[3. 8. 0. 0. 0. 0.]
 [3. 6. 8. 0. 0. 0.]
 [1. 3. 6. 8. 0. 0.]
 [1. 1. 3. 6. 8. 0.]
 [1. 1. 1. 3. 6. 9.]]
Centroid : {6: (2.5, 1.5), 8: (2.5, 2.5), 3: (1.2, 2.0), 1: (0.6666666666666666, 0.6666666666666666), 9: (5.0, 0.0)}
Repeat number : 21
Original weight : [5.3, 14.88, 16.38, 18.96, 19.04, 13.95, 9.18, 7.33, 15.63, 20.88, 8.97, 7.08, 9.99, 14.4, 6.21, 6.43, 16.24, 11.11, 9.4, 8.38]
Group : [2, 2, 3, 1, 0, 2, 1, 1, 0, 3, 1, 0, 0, 2, 1, 0, 3, 3, 0, 3]
Sequence : [0, 0, 0, 0, 0, 0, 0, 0, 0, 0, 1, 2, 3, 4, 5, 6, 7, 8, 9, 10]
Scroe : [205.3, 214.88, 316.38, 118.96000000000001, 19.04, 213.95, 109.18, 107.33, 15.63, 320.88, 108.97, 7.08, 9.99, 214.4, 106.21, 6.43, 316.24, 311.11, 9.4, 308.38]
Time taken to solve the MIP model : 0.0000 seconds
---------------------------------
