Can't find feasible solution

Number of initial container : 5
Number of new container : 15
Total number of containers : 20
Level_num : 9
Container_level : [2, 4, 4, 6, 2, 7, 4, 7, 5, 7, 6, 1, 5, 6, 3, 8, 1, 5, 5, 8]
ideal_configuration : 
 [[7. 0. 0. 0. 0. 0. 0. 0. 0. 0.]
 [5. 7. 0. 0. 0. 0. 0. 0. 0. 0.]
 [4. 5. 7. 0. 0. 0. 0. 0. 0. 0.]
 [2. 4. 6. 8. 0. 0. 0. 0. 0. 0.]
 [1. 3. 5. 6. 8. 0. 0. 0. 0. 0.]
 [1. 2. 4. 5. 6. 0. 0. 0. 0. 0.]]
Centroid : {2: (1.5, 1.0), 4: (2.0, 1.6666666666666667), 6: (4.0, 1.0), 7: (2.0, 4.0), 5: (2.5, 2.0), 1: (1.0, 0.5), 3: (2.0, 1.0), 8: (4.5, 1.5)}
Repeat number : 9
Original weight : [8.08, 13.26, 12.8, 18.44, 9.33, 19.77, 12.94, 19.8, 15.66, 19.87, 17.67, 7.17, 14.92, 17.91, 11.07, 23.8, 5.35, 16.04, 16.29, 22.48]
Group : [0, 0, 0, 0, 0, 0, 0, 0, 0, 0, 0, 0, 0, 0, 0, 0, 0, 0, 0, 0]
Sequence : [0, 0, 0, 0, 0, 1, 2, 3, 4, 5, 6, 7, 8, 9, 10, 11, 12, 13, 14, 15]
Scroe : [8.08, 13.26, 12.8, 18.44, 9.33, 19.77, 12.94, 19.8, 15.66, 19.87, 17.67, 7.17, 14.92, 17.91, 11.07, 23.8, 5.35, 16.04, 16.29, 22.48]
Time taken to solve the MIP model : 0.0150 seconds
---------------------------------
