Can't find feasible solution

Number of initial container : 5
Number of new container : 15
Total number of containers : 20
Level_num : 9
Container_level : [2, 8, 2, 3, 8, 2, 2, 2, 1, 1, 2, 2, 4, 2, 1, 9, 8, 8, 1, 2]
ideal_configuration : 
 [[8. 0. 0. 0. 0. 0. 0. 0. 0. 0.]
 [2. 8. 0. 0. 0. 0. 0. 0. 0. 0.]
 [2. 2. 8. 0. 0. 0. 0. 0. 0. 0.]
 [1. 2. 2. 8. 0. 0. 0. 0. 0. 0.]
 [1. 2. 2. 3. 9. 0. 0. 0. 0. 0.]
 [1. 1. 2. 2. 4. 0. 0. 0. 0. 0.]]
Centroid : {2: (2.3333333333333335, 1.7777777777777777), 8: (2.5, 3.5), 3: (4.0, 1.0), 1: (1.25, 0.75), 4: (5.0, 0.0), 9: (5.0, 1.0)}
Repeat number : 24
Original weight : [9.11, 21.75, 8.07, 10.25, 23.22, 7.87, 9.26, 8.86, 6.39, 6.1, 8.39, 8.65, 14.09, 9.66, 5.56, 23.74, 22.54, 23.53, 6.62, 8.52]
Group : [0, 0, 0, 0, 0, 0, 0, 0, 0, 0, 0, 0, 0, 0, 0, 0, 0, 0, 0, 0]
Sequence : [0, 0, 0, 0, 0, 1, 2, 3, 4, 5, 6, 7, 8, 9, 10, 11, 12, 13, 14, 15]
Scroe : [9.11, 21.75, 8.07, 10.25, 23.22, 7.87, 9.26, 8.86, 6.39, 6.1, 8.39, 8.65, 14.09, 9.66, 5.56, 23.74, 22.54, 23.53, 6.62, 8.52]
Time taken to solve the MIP model : 0.0153 seconds
---------------------------------
