Can't find feasible solution

Number of initial container : 5
Number of new container : 15
Total number of containers : 20
Level_num : 9
Container_level : [8, 3, 5, 6, 6, 4, 3, 1, 8, 3, 4, 7, 8, 4, 5, 1, 8, 6, 2, 9]
ideal_configuration : 
 [[8. 0. 0. 0. 0. 0. 0. 0. 0. 0.]
 [5. 8. 0. 0. 0. 0. 0. 0. 0. 0.]
 [4. 6. 8. 0. 0. 0. 0. 0. 0. 0.]
 [3. 4. 6. 8. 0. 0. 0. 0. 0. 0.]
 [1. 3. 4. 6. 9. 0. 0. 0. 0. 0.]
 [1. 2. 3. 5. 7. 0. 0. 0. 0. 0.]]
Centroid : {8: (2.5, 3.5), 3: (2.0, 1.0), 5: (2.5, 2.0), 6: (3.0, 2.0), 4: (2.0, 2.0), 1: (1.0, 0.5), 7: (5.0, 0.0), 2: (2.0, 0.0), 9: (5.0, 1.0)}
Repeat number : 10
Original weight : [21.42, 10.14, 15.41, 18.69, 17.8, 12.1, 10.12, 6.99, 22.84, 9.98, 13.23, 21.1, 21.64, 12.69, 15.09, 5.21, 21.58, 17.07, 8.56, 23.52]
Group : [0, 0, 0, 0, 0, 0, 0, 0, 0, 0, 0, 0, 0, 0, 0, 0, 0, 0, 0, 0]
Sequence : [0, 0, 0, 0, 0, 1, 2, 3, 4, 5, 6, 7, 8, 9, 10, 11, 12, 13, 14, 15]
Scroe : [21.42, 10.14, 15.41, 18.69, 17.8, 12.1, 10.12, 6.99, 22.84, 9.98, 13.23, 21.1, 21.64, 12.69, 15.09, 5.21, 21.58, 17.07, 8.56, 23.52]
Time taken to solve the MIP model : 0.0080 seconds
---------------------------------
