Can't find feasible solution

Number of initial container : 5
Number of new container : 15
Total number of containers : 20
Level_num : 9
Container_level : [2, 8, 6, 7, 7, 2, 8, 3, 7, 2, 3, 2, 7, 9, 8, 4, 1, 1, 5, 5]
ideal_configuration : 
 [[7. 0. 0. 0. 0. 0. 0. 0. 0. 0.]
 [5. 8. 0. 0. 0. 0. 0. 0. 0. 0.]
 [3. 6. 8. 0. 0. 0. 0. 0. 0. 0.]
 [2. 3. 7. 8. 0. 0. 0. 0. 0. 0.]
 [1. 2. 4. 7. 9. 0. 0. 0. 0. 0.]
 [1. 2. 2. 5. 7. 0. 0. 0. 0. 0.]]
Centroid : {2: (2.0, 0.75), 8: (3.0, 3.0), 6: (2.0, 3.0), 7: (3.25, 2.0), 3: (1.5, 2.5), 9: (5.0, 1.0), 4: (3.0, 1.0), 1: (1.0, 0.5), 5: (2.5, 2.0)}
Repeat number : 21
Original weight : [8.27, 22.74, 17.37, 20.87, 21.14, 9.77, 21.5, 12.26, 19.84, 8.84, 10.86, 7.98, 20.76, 23.51, 22.03, 14.45, 5.57, 6.34, 15.2, 16.15]
Group : [0, 0, 0, 0, 0, 0, 0, 0, 0, 0, 0, 0, 0, 0, 0, 0, 0, 0, 0, 0]
Sequence : [0, 0, 0, 0, 0, 1, 2, 3, 4, 5, 6, 7, 8, 9, 10, 11, 12, 13, 14, 15]
Scroe : [8.27, 22.74, 17.37, 20.87, 21.14, 9.77, 21.5, 12.26, 19.84, 8.84, 10.86, 7.98, 20.76, 23.51, 22.03, 14.45, 5.57, 6.34, 15.2, 16.15]
Time taken to solve the MIP model : 0.0668 seconds
---------------------------------
