Can't find feasible solution

Number of initial container : 5
Number of new container : 15
Total number of containers : 20
Level_num : 9
Container_level : [1, 7, 5, 2, 1, 7, 7, 5, 5, 6, 7, 3, 5, 7, 6, 1, 3, 4, 4, 9]
ideal_configuration : 
 [[7. 0. 0. 0. 0. 0. 0. 0. 0. 0.]
 [5. 7. 0. 0. 0. 0. 0. 0. 0. 0.]
 [4. 5. 7. 0. 0. 0. 0. 0. 0. 0.]
 [2. 4. 6. 7. 0. 0. 0. 0. 0. 0.]
 [1. 3. 5. 6. 9. 0. 0. 0. 0. 0.]
 [1. 1. 3. 5. 7. 0. 0. 0. 0. 0.]]
Centroid : {1: (1.3333333333333333, 0.3333333333333333), 7: (3.0, 2.8), 5: (2.5, 2.0), 2: (1.0, 2.0), 6: (3.5, 1.5), 3: (2.5, 0.5), 4: (1.5, 2.5), 9: (5.0, 1.0)}
Repeat number : 11
Original weight : [6.12, 20.05, 15.18, 9.29, 5.22, 20.69, 21.14, 15.97, 16.29, 18.52, 20.56, 12.09, 15.99, 19.96, 18.31, 7.01, 11.2, 12.36, 12.26, 23.66]
Group : [0, 0, 0, 0, 0, 0, 0, 0, 0, 0, 0, 0, 0, 0, 0, 0, 0, 0, 0, 0]
Sequence : [0, 0, 0, 0, 0, 1, 2, 3, 4, 5, 6, 7, 8, 9, 10, 11, 12, 13, 14, 15]
Scroe : [6.12, 20.05, 15.18, 9.29, 5.22, 20.69, 21.14, 15.97, 16.29, 18.52, 20.56, 12.09, 15.99, 19.96, 18.31, 7.01, 11.2, 12.36, 12.26, 23.66]
Time taken to solve the MIP model : 0.0080 seconds
---------------------------------
