Can't find feasible solution

Number of initial container : 5
Number of new container : 15
Total number of containers : 20
Level_num : 9
Container_level : [6, 6, 5, 3, 1, 2, 8, 7, 6, 9, 2, 1, 2, 3, 7, 3, 6, 7, 6, 1]
ideal_configuration : 
 [[7. 0. 0. 0. 0. 0. 0. 0. 0. 0.]
 [6. 7. 0. 0. 0. 0. 0. 0. 0. 0.]
 [3. 6. 7. 0. 0. 0. 0. 0. 0. 0.]
 [2. 3. 6. 8. 0. 0. 0. 0. 0. 0.]
 [1. 2. 3. 6. 9. 0. 0. 0. 0. 0.]
 [1. 1. 2. 5. 6. 0. 0. 0. 0. 0.]]
Centroid : {6: (3.0, 2.0), 5: (4.0, 0.0), 3: (2.0, 2.0), 1: (1.3333333333333333, 0.3333333333333333), 2: (2.0, 1.0), 8: (4.0, 2.0), 7: (2.0, 4.0), 9: (5.0, 1.0)}
Repeat number : 30
Original weight : [16.67, 16.71, 14.54, 11.42, 5.97, 9.17, 21.56, 19.79, 16.52, 22.64, 9.39, 5.34, 8.2, 10.82, 19.83, 10.85, 16.22, 18.55, 16.86, 6.87]
Group : [0, 0, 0, 0, 0, 0, 0, 0, 0, 0, 0, 0, 0, 0, 0, 0, 0, 0, 0, 0]
Sequence : [0, 0, 0, 0, 0, 1, 2, 3, 4, 5, 6, 7, 8, 9, 10, 11, 12, 13, 14, 15]
Scroe : [16.67, 16.71, 14.54, 11.42, 5.97, 9.17, 21.56, 19.79, 16.52, 22.64, 9.39, 5.34, 8.2, 10.82, 19.83, 10.85, 16.22, 18.55, 16.86, 6.87]
Time taken to solve the MIP model : 0.0211 seconds
---------------------------------
