Can't find feasible solution

Number of initial container : 5
Number of new container : 15
Total number of containers : 20
Level_num : 9
Container_level : [8, 3, 8, 7, 1, 2, 6, 5, 1, 2, 9, 4, 8, 1, 4, 3, 5, 8, 3, 8]
ideal_configuration : 
 [[8. 0. 0. 0. 0. 0. 0. 0. 0. 0.]
 [5. 8. 0. 0. 0. 0. 0. 0. 0. 0.]
 [3. 5. 8. 0. 0. 0. 0. 0. 0. 0.]
 [2. 3. 6. 8. 0. 0. 0. 0. 0. 0.]
 [1. 2. 4. 7. 9. 0. 0. 0. 0. 0.]
 [1. 1. 3. 4. 8. 0. 0. 0. 0. 0.]]
Centroid : {8: (3.0, 2.8), 3: (2.0, 1.6666666666666667), 7: (4.0, 1.0), 1: (1.3333333333333333, 0.3333333333333333), 2: (1.5, 1.5), 6: (3.0, 2.0), 5: (1.5, 3.5), 9: (5.0, 1.0), 4: (3.5, 0.5)}
Repeat number : 26
Original weight : [22.15, 11.46, 23.23, 19.5, 6.1, 8.82, 16.92, 15.87, 5.27, 7.68, 23.78, 12.22, 21.76, 5.65, 13.58, 11.6, 14.9, 23.31, 12.17, 22.38]
Group : [0, 0, 0, 0, 0, 0, 0, 0, 0, 0, 0, 0, 0, 0, 0, 0, 0, 0, 0, 0]
Sequence : [0, 0, 0, 0, 0, 1, 2, 3, 4, 5, 6, 7, 8, 9, 10, 11, 12, 13, 14, 15]
Scroe : [22.15, 11.46, 23.23, 19.5, 6.1, 8.82, 16.92, 15.87, 5.27, 7.68, 23.78, 12.22, 21.76, 5.65, 13.58, 11.6, 14.9, 23.31, 12.17, 22.38]
Time taken to solve the MIP model : 0.0389 seconds
---------------------------------
