Can't find feasible solution

Number of initial container : 7
Number of new container : 13
Total number of containers : 20
Level_num : 9
Container_level : [4, 8, 8, 7, 1, 6, 3, 9, 3, 5, 2, 1, 3, 1, 3, 5, 3, 2, 8, 4]
ideal_configuration : 
 [[4. 7. 0. 0. 0. 0.]
 [3. 4. 8. 0. 0. 0.]
 [2. 3. 5. 8. 0. 0.]
 [1. 2. 3. 5. 8. 0.]
 [1. 1. 3. 3. 6. 9.]]
Centroid : {4: (1.5, 3.5), 8: (4.0, 2.0), 7: (2.0, 4.0), 1: (1.3333333333333333, 0.3333333333333333), 6: (5.0, 0.0), 3: (2.6, 1.2), 9: (6.0, 0.0), 5: (3.5, 1.5), 2: (1.5, 1.5)}
Repeat number : 17
Original weight : [12.36, 21.31, 22.26, 19.41, 7.02, 16.17, 10.27, 22.46, 10.85, 15.06, 9.24, 6.79, 9.47, 5.04, 10.21, 14.22, 9.48, 7.82, 21.13, 12.4]
Sequence : [0, 0, 0, 0, 0, 0, 0, 1, 2, 3, 4, 5, 6, 7, 8, 9, 10, 11, 12, 13]
Emergency : [0, 0, 0, 0, 0, 0, 0, 0, 0, 0, 0, 0, 0, 0, 0, 0, 0, 0, 0, 0]
Time taken to solve the MIP model : 0.0050 seconds
---------------------------------
