Can't find feasible solution

Number of initial container : 7
Number of new container : 13
Total number of containers : 20
Level_num : 9
Container_level : [6, 2, 3, 1, 9, 8, 1, 5, 3, 2, 4, 5, 6, 8, 8, 3, 8, 7, 3, 5]
ideal_configuration : 
 [[5. 8. 0. 0. 0. 0.]
 [3. 5. 8. 0. 0. 0.]
 [2. 3. 6. 8. 0. 0.]
 [1. 3. 4. 6. 8. 0.]
 [1. 2. 3. 5. 7. 9.]]
Centroid : {6: (3.5, 1.5), 2: (1.5, 1.0), 3: (2.0, 1.5), 1: (1.0, 0.5), 9: (6.0, 0.0), 8: (3.5, 2.5), 5: (2.3333333333333335, 2.3333333333333335), 4: (3.0, 1.0), 7: (5.0, 0.0)}
Repeat number : 27
Original weight : [17.46, 8.47, 11.47, 6.82, 23.75, 23.27, 5.76, 14.96, 10.74, 9.86, 14.65, 15.72, 17.33, 22.64, 21.9, 12.34, 23.44, 21.29, 11.59, 14.87]
Sequence : [0, 0, 0, 0, 0, 0, 0, 1, 2, 3, 4, 5, 6, 7, 8, 9, 10, 11, 12, 13]
Emergency : [0, 0, 0, 0, 0, 0, 0, 0, 0, 0, 0, 0, 0, 0, 0, 0, 0, 0, 0, 0]
Time taken to solve the MIP model : 0.0045 seconds
---------------------------------
