Can't find feasible solution

Number of initial container : 7
Number of new container : 13
Total number of containers : 20
Level_num : 9
Container_level : [4, 6, 2, 1, 4, 8, 4, 5, 7, 6, 3, 2, 8, 6, 2, 8, 4, 1, 1, 9]
ideal_configuration : 
 [[4. 7. 0. 0. 0. 0.]
 [3. 5. 8. 0. 0. 0.]
 [2. 4. 6. 8. 0. 0.]
 [1. 2. 4. 6. 8. 0.]
 [1. 1. 2. 4. 6. 9.]]
Centroid : {4: (2.5, 1.75), 6: (4.0, 1.0), 2: (2.0, 1.0), 1: (1.3333333333333333, 0.3333333333333333), 8: (4.0, 2.0), 5: (2.0, 3.0), 7: (2.0, 4.0), 3: (1.0, 3.0), 9: (6.0, 0.0)}
Repeat number : 25
Original weight : [13.78, 18.73, 11.53, 9.48, 14.49, 21.26, 13.97, 16.86, 19.93, 19.05, 12.21, 10.23, 22.23, 17.64, 11.0, 21.87, 15.21, 8.12, 9.96, 22.91]
Sequence : [0, 0, 0, 0, 0, 0, 0, 1, 2, 3, 4, 5, 6, 7, 8, 9, 10, 11, 12, 13]
Emergency : [0, 0, 0, 0, 0, 0, 0, 0, 0, 0, 0, 0, 0, 0, 0, 0, 0, 0, 0, 0]
Time taken to solve the MIP model : 0.0055 seconds
---------------------------------
