Can't find feasible solution

Number of initial container : 7
Number of new container : 13
Total number of containers : 20
Level_num : 9
Container_level : [1, 5, 1, 6, 6, 5, 4, 8, 9, 7, 6, 1, 4, 2, 3, 1, 3, 7, 1, 4]
ideal_configuration : 
 [[4. 6. 0. 0. 0. 0.]
 [3. 5. 7. 0. 0. 0.]
 [1. 3. 5. 7. 0. 0.]
 [1. 1. 4. 6. 8. 0.]
 [1. 1. 2. 4. 6. 9.]]
Centroid : {1: (1.4, 0.8), 5: (2.5, 2.5), 6: (3.6666666666666665, 1.6666666666666667), 4: (2.6666666666666665, 1.6666666666666667), 8: (5.0, 1.0), 9: (6.0, 0.0), 7: (3.5, 2.5), 2: (3.0, 0.0), 3: (1.5, 2.5)}
Repeat number : 24
Original weight : [5.94, 15.89, 7.87, 18.07, 16.39, 14.97, 13.33, 21.07, 22.6, 19.82, 16.37, 7.27, 12.86, 9.27, 11.82, 7.13, 11.98, 19.18, 7.82, 12.6]
Sequence : [0, 0, 0, 0, 0, 0, 0, 1, 2, 3, 4, 5, 6, 7, 8, 9, 10, 11, 12, 13]
Emergency : [0, 0, 0, 0, 0, 0, 0, 0, 0, 0, 0, 0, 0, 0, 0, 0, 0, 0, 0, 0]
Time taken to solve the MIP model : 0.0040 seconds
---------------------------------
