Can't find feasible solution

Number of initial container : 7
Number of new container : 13
Total number of containers : 20
Level_num : 9
Container_level : [5, 7, 3, 3, 3, 5, 8, 2, 8, 1, 5, 9, 1, 1, 8, 4, 6, 4, 4, 2]
ideal_configuration : 
 [[4. 7. 0. 0. 0. 0.]
 [3. 5. 8. 0. 0. 0.]
 [2. 3. 5. 8. 0. 0.]
 [1. 2. 4. 5. 8. 0.]
 [1. 1. 3. 4. 6. 9.]]
Centroid : {5: (3.0, 2.0), 7: (2.0, 4.0), 3: (2.0, 1.6666666666666667), 8: (4.0, 2.0), 2: (1.5, 1.5), 1: (1.3333333333333333, 0.3333333333333333), 9: (6.0, 0.0), 4: (2.6666666666666665, 1.6666666666666667), 6: (5.0, 0.0)}
Repeat number : 18
Original weight : [15.31, 19.9, 12.54, 12.41, 11.85, 15.75, 22.43, 8.83, 22.23, 6.02, 15.56, 23.82, 6.68, 6.63, 22.91, 14.75, 18.28, 12.71, 14.42, 8.54]
Sequence : [0, 0, 0, 0, 0, 0, 0, 1, 2, 3, 4, 5, 6, 7, 8, 9, 10, 11, 12, 13]
Emergency : [0, 0, 0, 0, 0, 0, 0, 0, 0, 0, 0, 0, 0, 0, 0, 0, 0, 0, 0, 0]
Time taken to solve the MIP model : 0.0060 seconds
---------------------------------
