Can't find feasible solution

Number of initial container : 7
Number of new container : 13
Total number of containers : 20
Level_num : 9
Container_level : [4, 3, 8, 7, 3, 2, 1, 5, 9, 3, 2, 4, 1, 8, 3, 6, 7, 1, 8, 7]
ideal_configuration : 
 [[4. 7. 0. 0. 0. 0.]
 [3. 5. 8. 0. 0. 0.]
 [2. 3. 6. 8. 0. 0.]
 [1. 2. 3. 7. 8. 0.]
 [1. 1. 3. 4. 7. 9.]]
Centroid : {4: (2.5, 2.0), 3: (2.25, 1.5), 8: (4.0, 2.0), 7: (3.6666666666666665, 1.6666666666666667), 2: (1.5, 1.5), 1: (1.3333333333333333, 0.3333333333333333), 5: (2.0, 3.0), 9: (6.0, 0.0), 6: (3.0, 2.0)}
Repeat number : 13
Original weight : [12.67, 11.85, 23.04, 19.39, 10.54, 9.58, 6.55, 15.06, 23.65, 12.12, 8.37, 13.13, 6.87, 23.39, 11.16, 17.72, 21.32, 5.4, 22.66, 20.23]
Sequence : [0, 0, 0, 0, 0, 0, 0, 1, 2, 3, 4, 5, 6, 7, 8, 9, 10, 11, 12, 13]
Emergency : [0, 0, 0, 0, 0, 0, 0, 0, 0, 0, 0, 0, 0, 0, 0, 0, 0, 0, 0, 0]
Time taken to solve the MIP model : 0.0055 seconds
---------------------------------
