Can't find feasible solution

Number of initial container : 10
Number of new container : 15
Total number of containers : 25
Level_num : 9
Container_level : [3, 1, 6, 4, 6, 2, 1, 1, 2, 7, 1, 3, 6, 9, 2, 6, 6, 7, 1, 8, 2, 5, 2, 3, 4]
ideal_configuration : 
 [[3. 5. 6. 9. 0. 0.]
 [2. 3. 6. 7. 0. 0.]
 [1. 2. 3. 6. 7. 0.]
 [1. 1. 2. 4. 6. 8.]
 [1. 1. 2. 2. 4. 6.]]
Centroid : {3: (2.0, 3.0), 1: (1.4, 0.8), 6: (4.2, 2.0), 4: (4.5, 0.5), 2: (2.6, 1.2), 7: (4.5, 2.5), 9: (4.0, 4.0), 8: (6.0, 1.0), 5: (2.0, 4.0)}
Repeat number : 13
Original weight : [11.65, 5.47, 18.29, 13.92, 16.88, 8.81, 6.83, 7.25, 9.14, 20.78, 6.73, 11.41, 17.96, 23.24, 9.73, 18.57, 16.64, 19.72, 6.17, 22.27, 8.29, 15.8, 9.5, 11.46, 12.63]
Sequence : [0, 0, 0, 0, 0, 0, 0, 0, 0, 0, 1, 2, 3, 4, 5, 6, 7, 8, 9, 10, 11, 12, 13, 14, 15]
Emergency : [0, 0, 0, 0, 0, 0, 0, 0, 0, 0, 0, 0, 0, 0, 0, 0, 0, 0, 0, 0, 0, 0, 0, 0, 0]
Time taken to solve the MIP model : 0.0067 seconds
---------------------------------
