Can't find feasible solution

Number of initial container : 10
Number of new container : 15
Total number of containers : 25
Level_num : 9
Container_level : [9, 2, 7, 8, 2, 4, 7, 3, 6, 5, 8, 7, 2, 5, 6, 3, 2, 6, 1, 4, 6, 2, 1, 2, 7]
ideal_configuration : 
 [[4. 6. 7. 9. 0. 0.]
 [2. 4. 6. 7. 0. 0.]
 [2. 2. 5. 6. 8. 0.]
 [1. 2. 3. 5. 7. 8.]
 [1. 2. 2. 3. 6. 7.]]
Centroid : {9: (4.0, 4.0), 2: (1.8333333333333333, 1.3333333333333333), 7: (4.5, 2.0), 8: (5.5, 1.5), 4: (1.5, 3.5), 3: (3.5, 0.5), 6: (3.5, 2.25), 5: (3.5, 1.5), 1: (1.0, 0.5)}
Repeat number : 14
Original weight : [23.89, 9.91, 21.22, 21.71, 8.98, 14.15, 20.11, 11.45, 18.79, 15.07, 23.18, 19.3, 9.16, 15.05, 18.95, 11.76, 8.26, 18.76, 5.47, 14.31, 19.11, 8.79, 6.49, 8.63, 21.15]
Sequence : [0, 0, 0, 0, 0, 0, 0, 0, 0, 0, 1, 2, 3, 4, 5, 6, 7, 8, 9, 10, 11, 12, 13, 14, 15]
Emergency : [0, 0, 0, 0, 0, 0, 0, 0, 0, 0, 0, 0, 0, 0, 0, 0, 0, 0, 0, 0, 0, 0, 0, 0, 0]
Time taken to solve the MIP model : 0.0062 seconds
---------------------------------
