Can't find feasible solution

Number of initial container : 10
Number of new container : 15
Total number of containers : 25
Level_num : 9
Container_level : [4, 1, 9, 4, 1, 4, 2, 6, 3, 2, 3, 8, 1, 6, 8, 3, 3, 4, 7, 6, 2, 2, 7, 8, 3]
ideal_configuration : 
 [[3. 4. 7. 9. 0. 0.]
 [2. 3. 6. 8. 0. 0.]
 [2. 3. 4. 6. 8. 0.]
 [1. 2. 3. 4. 6. 8.]
 [1. 1. 2. 3. 4. 7.]]
Centroid : {4: (3.5, 1.75), 1: (1.3333333333333333, 0.3333333333333333), 9: (4.0, 4.0), 2: (1.75, 1.5), 6: (4.0, 2.0), 3: (2.4, 2.0), 8: (5.0, 2.0), 7: (4.5, 2.0)}
Repeat number : 20
Original weight : [13.42, 6.79, 23.93, 13.51, 7.39, 13.33, 11.02, 18.38, 12.31, 10.88, 12.02, 22.38, 8.62, 17.6, 22.63, 11.22, 12.97, 15.24, 19.95, 17.95, 10.61, 10.89, 21.7, 23.25, 12.32]
Sequence : [0, 0, 0, 0, 0, 0, 0, 0, 0, 0, 1, 2, 3, 4, 5, 6, 7, 8, 9, 10, 11, 12, 13, 14, 15]
Emergency : [0, 0, 0, 0, 0, 0, 0, 0, 0, 0, 0, 0, 0, 0, 0, 0, 0, 0, 0, 0, 0, 0, 0, 0, 0]
Time taken to solve the MIP model : 0.0065 seconds
---------------------------------
