Can't find feasible solution

Number of initial container : 10
Number of new container : 15
Total number of containers : 25
Level_num : 9
Container_level : [4, 6, 5, 1, 5, 9, 3, 8, 5, 3, 3, 8, 1, 1, 7, 7, 7, 2, 3, 7, 3, 6, 3, 6, 7]
ideal_configuration : 
 [[4. 6. 7. 9. 0. 0.]
 [3. 5. 6. 7. 0. 0.]
 [2. 3. 5. 7. 8. 0.]
 [1. 3. 3. 5. 7. 8.]
 [1. 1. 3. 3. 6. 7.]]
Centroid : {4: (1.0, 4.0), 6: (3.3333333333333335, 2.3333333333333335), 5: (3.0, 2.0), 1: (1.3333333333333333, 0.3333333333333333), 9: (4.0, 4.0), 3: (2.5, 1.1666666666666667), 8: (5.5, 1.5), 7: (4.4, 2.0), 2: (1.0, 2.0)}
Repeat number : 24
Original weight : [13.37, 15.97, 13.86, 6.89, 14.46, 21.95, 11.5, 20.95, 14.03, 10.56, 11.54, 21.62, 5.32, 6.38, 18.6, 18.15, 19.04, 7.77, 9.94, 17.93, 9.61, 17.7, 10.93, 15.9, 19.52]
Sequence : [0, 0, 0, 0, 0, 0, 0, 0, 0, 0, 1, 2, 3, 4, 5, 6, 7, 8, 9, 10, 11, 12, 13, 14, 15]
Emergency : [0, 0, 0, 0, 0, 0, 0, 0, 0, 0, 0, 0, 0, 0, 0, 0, 0, 0, 0, 0, 0, 0, 0, 0, 0]
Time taken to solve the MIP model : 0.0075 seconds
---------------------------------
