Can't find feasible solution

Number of initial container : 10
Number of new container : 15
Total number of containers : 25
Level_num : 9
Container_level : [5, 8, 7, 8, 3, 9, 1, 1, 6, 5, 1, 6, 5, 5, 1, 8, 2, 2, 5, 5, 4, 1, 5, 1, 2]
ideal_configuration : 
 [[4. 5. 7. 9. 0. 0.]
 [2. 5. 5. 8. 0. 0.]
 [1. 2. 5. 5. 8. 0.]
 [1. 1. 2. 5. 6. 8.]
 [1. 1. 1. 3. 5. 6.]]
Centroid : {5: (3.2857142857142856, 2.142857142857143), 8: (5.0, 2.0), 7: (3.0, 4.0), 3: (4.0, 0.0), 9: (4.0, 4.0), 1: (1.6666666666666667, 0.6666666666666666), 6: (5.5, 0.5), 2: (2.0, 2.0), 4: (1.0, 4.0)}
Repeat number : 6
Original weight : [15.77, 23.06, 20.08, 22.54, 10.15, 23.79, 5.33, 5.61, 17.64, 16.65, 6.08, 17.35, 16.74, 16.21, 6.15, 22.55, 9.26, 9.05, 14.63, 16.22, 14.12, 6.52, 15.48, 5.39, 9.3]
Sequence : [0, 0, 0, 0, 0, 0, 0, 0, 0, 0, 1, 2, 3, 4, 5, 6, 7, 8, 9, 10, 11, 12, 13, 14, 15]
Emergency : [0, 0, 0, 0, 0, 0, 0, 0, 0, 0, 0, 0, 0, 0, 0, 0, 0, 0, 0, 0, 0, 0, 0, 0, 0]
Time taken to solve the MIP model : 0.0065 seconds
---------------------------------
