Can't find feasible solution

Number of initial container : 10
Number of new container : 15
Total number of containers : 25
Level_num : 9
Container_level : [1, 1, 7, 1, 1, 6, 2, 2, 7, 5, 4, 6, 6, 9, 4, 3, 7, 4, 3, 1, 3, 8, 2, 4, 8]
ideal_configuration : 
 [[3. 5. 7. 9. 0. 0.]
 [2. 4. 6. 7. 0. 0.]
 [1. 2. 4. 6. 8. 0.]
 [1. 1. 3. 4. 6. 8.]
 [1. 1. 2. 3. 4. 7.]]
Centroid : {1: (1.4, 0.8), 7: (4.333333333333333, 2.3333333333333335), 6: (4.0, 2.0), 2: (2.0, 1.6666666666666667), 5: (2.0, 4.0), 4: (3.5, 1.5), 9: (4.0, 4.0), 3: (2.6666666666666665, 1.6666666666666667), 8: (5.5, 1.5)}
Repeat number : 2
Original weight : [7.01, 6.97, 19.96, 8.01, 6.02, 19.24, 9.14, 9.99, 19.99, 16.93, 12.85, 17.81, 17.7, 23.73, 14.59, 10.28, 19.5, 14.58, 11.66, 5.79, 10.47, 22.38, 9.44, 13.64, 23.14]
Sequence : [0, 0, 0, 0, 0, 0, 0, 0, 0, 0, 1, 2, 3, 4, 5, 6, 7, 8, 9, 10, 11, 12, 13, 14, 15]
Emergency : [0, 0, 0, 0, 0, 0, 0, 0, 0, 0, 0, 0, 0, 0, 0, 0, 0, 0, 0, 0, 0, 0, 0, 0, 0]
Time taken to solve the MIP model : 0.0060 seconds
---------------------------------
