Can't find feasible solution

Number of initial container : 10
Number of new container : 15
Total number of containers : 25
Level_num : 9
Container_level : [6, 1, 2, 8, 2, 1, 6, 6, 6, 5, 5, 6, 7, 8, 7, 6, 2, 9, 6, 2, 1, 6, 1, 1, 6]
ideal_configuration : 
 [[5. 6. 7. 9. 0. 0.]
 [2. 6. 6. 7. 0. 0.]
 [1. 2. 6. 6. 8. 0.]
 [1. 1. 2. 6. 6. 8.]
 [1. 1. 2. 5. 6. 6.]]
Centroid : {6: (3.7777777777777777, 1.7777777777777777), 1: (1.4, 0.8), 2: (2.25, 1.5), 8: (5.5, 1.5), 5: (2.5, 2.0), 7: (3.5, 3.5), 9: (4.0, 4.0)}
Repeat number : 1
Original weight : [16.74, 6.62, 9.65, 21.09, 8.64, 7.46, 17.0, 17.32, 16.74, 14.47, 15.98, 17.31, 20.62, 21.31, 18.59, 17.63, 8.21, 22.85, 17.12, 8.56, 5.85, 16.93, 5.37, 6.3, 16.65]
Sequence : [0, 0, 0, 0, 0, 0, 0, 0, 0, 0, 1, 2, 3, 4, 5, 6, 7, 8, 9, 10, 11, 12, 13, 14, 15]
Emergency : [0, 0, 0, 0, 0, 0, 0, 0, 0, 0, 0, 0, 0, 0, 0, 0, 0, 0, 0, 0, 0, 0, 0, 0, 0]
Time taken to solve the MIP model : 0.0077 seconds
---------------------------------
