Can't find feasible solution

Number of initial container : 10
Number of new container : 15
Total number of containers : 25
Level_num : 9
Container_level : [7, 1, 7, 6, 1, 4, 8, 3, 4, 8, 6, 6, 2, 2, 8, 4, 8, 6, 4, 6, 5, 9, 1, 1, 5]
ideal_configuration : 
 [[4. 6. 8. 9. 0. 0.]
 [3. 5. 6. 8. 0. 0.]
 [1. 4. 5. 6. 8. 0.]
 [1. 2. 4. 6. 7. 8.]
 [1. 1. 2. 4. 6. 7.]]
Centroid : {7: (5.5, 0.5), 1: (1.25, 0.75), 6: (3.6, 2.0), 4: (2.5, 1.75), 8: (4.5, 2.5), 3: (1.0, 3.0), 2: (2.5, 0.5), 5: (2.5, 2.5), 9: (4.0, 4.0)}
Repeat number : 28
Original weight : [20.02, 6.94, 20.19, 17.55, 7.32, 13.09, 21.67, 11.84, 14.57, 20.91, 17.43, 17.0, 8.92, 10.2, 21.71, 12.93, 22.2, 18.56, 13.74, 17.78, 14.85, 22.62, 7.6, 7.78, 15.21]
Sequence : [0, 0, 0, 0, 0, 0, 0, 0, 0, 0, 1, 2, 3, 4, 5, 6, 7, 8, 9, 10, 11, 12, 13, 14, 15]
Emergency : [0, 0, 0, 0, 0, 0, 0, 0, 0, 0, 0, 0, 0, 0, 0, 0, 0, 0, 0, 0, 0, 0, 0, 0, 0]
Time taken to solve the MIP model : 0.0110 seconds
---------------------------------
