Can't find feasible solution

Number of initial container : 10
Number of new container : 15
Total number of containers : 25
Level_num : 9
Container_level : [3, 3, 8, 3, 6, 4, 1, 2, 7, 3, 2, 1, 7, 3, 7, 7, 2, 7, 2, 5, 6, 3, 5, 9, 3]
ideal_configuration : 
 [[3. 5. 7. 9. 0. 0.]
 [3. 3. 6. 7. 0. 0.]
 [2. 3. 3. 6. 7. 0.]
 [1. 2. 3. 4. 7. 8.]
 [1. 2. 2. 3. 5. 7.]]
Centroid : {3: (2.2857142857142856, 2.142857142857143), 8: (6.0, 1.0), 6: (3.5, 2.5), 4: (4.0, 1.0), 1: (1.0, 0.5), 2: (2.0, 0.75), 7: (4.6, 2.0), 5: (3.5, 2.0), 9: (4.0, 4.0)}
Repeat number : 5
Original weight : [11.9, 11.87, 22.89, 10.42, 17.94, 13.25, 6.73, 8.15, 20.6, 11.04, 7.75, 5.35, 20.8, 11.77, 20.81, 19.06, 8.46, 19.45, 7.89, 14.59, 17.25, 9.99, 16.1, 23.58, 11.4]
Sequence : [0, 0, 0, 0, 0, 0, 0, 0, 0, 0, 1, 2, 3, 4, 5, 6, 7, 8, 9, 10, 11, 12, 13, 14, 15]
Emergency : [0, 0, 0, 0, 0, 0, 0, 0, 0, 0, 0, 0, 0, 0, 0, 0, 0, 0, 0, 0, 0, 0, 0, 0, 0]
Time taken to solve the MIP model : 0.0073 seconds
---------------------------------
