Can't find feasible solution

Number of initial container : 10
Number of new container : 15
Total number of containers : 25
Level_num : 9
Container_level : [6, 3, 1, 9, 4, 1, 7, 7, 8, 6, 4, 1, 7, 3, 7, 3, 5, 2, 3, 8, 5, 2, 6, 4, 3]
ideal_configuration : 
 [[4. 6. 7. 9. 0. 0.]
 [3. 4. 6. 7. 0. 0.]
 [2. 3. 4. 6. 8. 0.]
 [1. 2. 3. 5. 7. 8.]
 [1. 1. 3. 3. 5. 7.]]
Centroid : {6: (3.0, 3.0), 3: (2.6, 1.2), 1: (1.3333333333333333, 0.3333333333333333), 9: (4.0, 4.0), 4: (2.0, 3.0), 7: (4.5, 2.0), 8: (5.5, 1.5), 5: (4.5, 0.5), 2: (1.5, 1.5)}
Repeat number : 26
Original weight : [18.29, 11.16, 6.06, 23.04, 12.14, 5.17, 19.68, 20.54, 21.03, 17.82, 13.08, 6.2, 20.8, 10.18, 19.77, 10.2, 14.77, 8.02, 10.96, 21.63, 16.02, 9.12, 18.48, 13.04, 10.72]
Sequence : [0, 0, 0, 0, 0, 0, 0, 0, 0, 0, 1, 2, 3, 4, 5, 6, 7, 8, 9, 10, 11, 12, 13, 14, 15]
Emergency : [0, 0, 0, 0, 0, 0, 0, 0, 0, 0, 0, 0, 0, 0, 0, 0, 0, 0, 0, 0, 0, 0, 0, 0, 0]
Time taken to solve the MIP model : 0.0063 seconds
---------------------------------
