Can't find feasible solution

Number of initial container : 10
Number of new container : 15
Total number of containers : 25
Level_num : 9
Container_level : [6, 4, 1, 2, 7, 7, 3, 1, 5, 2, 8, 9, 6, 8, 1, 3, 7, 1, 5, 4, 7, 5, 8, 3, 1]
ideal_configuration : 
 [[4. 6. 7. 9. 0. 0.]
 [2. 4. 6. 8. 0. 0.]
 [1. 3. 5. 7. 8. 0.]
 [1. 1. 3. 5. 7. 8.]
 [1. 1. 2. 3. 5. 7.]]
Centroid : {6: (2.5, 3.5), 4: (1.5, 3.5), 1: (1.4, 0.8), 2: (2.0, 1.5), 7: (4.5, 1.75), 3: (3.0, 1.0), 5: (4.0, 1.0), 8: (5.0, 2.0), 9: (4.0, 4.0)}
Repeat number : 22
Original weight : [17.36, 13.75, 7.26, 9.67, 20.53, 20.57, 10.39, 7.31, 15.09, 9.79, 22.27, 22.87, 18.42, 21.24, 5.63, 11.9, 20.51, 5.73, 15.89, 13.34, 19.45, 15.55, 22.09, 11.75, 7.65]
Sequence : [0, 0, 0, 0, 0, 0, 0, 0, 0, 0, 1, 2, 3, 4, 5, 6, 7, 8, 9, 10, 11, 12, 13, 14, 15]
Emergency : [0, 0, 0, 0, 0, 0, 0, 0, 0, 0, 0, 0, 0, 0, 0, 0, 0, 0, 0, 0, 0, 0, 0, 0, 0]
Time taken to solve the MIP model : 0.0056 seconds
---------------------------------
