Can't find feasible solution

Number of initial container : 10
Number of new container : 15
Total number of containers : 25
Level_num : 9
Container_level : [5, 1, 2, 4, 6, 9, 6, 1, 3, 7, 8, 6, 4, 6, 8, 8, 5, 1, 3, 1, 2, 1, 2, 5, 3]
ideal_configuration : 
 [[3. 5. 7. 9. 0. 0.]
 [2. 4. 6. 8. 0. 0.]
 [1. 2. 4. 6. 8. 0.]
 [1. 1. 3. 5. 6. 8.]
 [1. 1. 2. 3. 5. 6.]]
Centroid : {5: (3.6666666666666665, 1.6666666666666667), 1: (1.4, 0.8), 2: (2.0, 1.6666666666666667), 4: (2.5, 2.5), 6: (4.5, 1.5), 9: (4.0, 4.0), 3: (2.6666666666666665, 1.6666666666666667), 7: (3.0, 4.0), 8: (5.0, 2.0)}
Repeat number : 17
Original weight : [17.08, 8.56, 9.23, 15.2, 17.96, 23.97, 18.96, 7.96, 11.68, 21.23, 21.81, 18.2, 13.3, 18.91, 23.17, 22.61, 15.35, 6.95, 11.69, 6.62, 9.74, 7.85, 10.36, 15.51, 11.33]
Sequence : [0, 0, 0, 0, 0, 0, 0, 0, 0, 0, 1, 2, 3, 4, 5, 6, 7, 8, 9, 10, 11, 12, 13, 14, 15]
Emergency : [0, 0, 0, 0, 0, 0, 0, 0, 0, 0, 0, 0, 0, 0, 0, 0, 0, 0, 0, 0, 0, 0, 0, 0, 0]
Time taken to solve the MIP model : 0.0066 seconds
---------------------------------
