Can't find feasible solution

Number of initial container : 7
Number of new container : 18
Total number of containers : 25
Level_num : 9
Container_level : [1, 3, 8, 1, 8, 8, 5, 5, 7, 2, 5, 6, 2, 5, 1, 4, 3, 9, 6, 7, 1, 8, 6, 3, 2]
ideal_configuration : 
 [[4. 6. 8. 9. 0. 0.]
 [2. 5. 6. 8. 0. 0.]
 [1. 3. 5. 6. 8. 0.]
 [1. 2. 3. 5. 7. 8.]
 [1. 1. 2. 3. 5. 7.]]
Centroid : {1: (1.25, 0.75), 3: (3.0, 1.0), 8: (4.5, 2.5), 5: (3.5, 1.5), 7: (5.5, 0.5), 2: (2.0, 1.3333333333333333), 6: (3.0, 3.0), 4: (1.0, 4.0), 9: (4.0, 4.0)}
Repeat number : 3
Original weight : [7.74, 10.92, 21.69, 8.57, 21.64, 21.27, 15.2, 15.44, 19.62, 10.26, 15.64, 18.11, 9.9, 15.26, 6.89, 13.18, 10.96, 22.58, 17.27, 19.55, 8.14, 21.45, 18.41, 11.69, 9.34]
Sequence : [0, 0, 0, 0, 0, 0, 0, 1, 2, 3, 4, 5, 6, 7, 8, 9, 10, 11, 12, 13, 14, 15, 16, 17, 18]
Emergency : [0, 0, 0, 0, 0, 0, 0, 0, 0, 0, 0, 0, 0, 0, 0, 0, 0, 0, 0, 0, 0, 0, 0, 0, 0]
Time taken to solve the MIP model : 0.0087 seconds
---------------------------------
