Can't find feasible solution

Number of initial container : 7
Number of new container : 18
Total number of containers : 25
Level_num : 9
Container_level : [4, 1, 1, 1, 1, 5, 2, 7, 2, 5, 1, 1, 7, 8, 6, 8, 1, 2, 6, 8, 7, 5, 7, 9, 8]
ideal_configuration : 
 [[4. 6. 8. 9. 0. 0.]
 [1. 5. 7. 8. 0. 0.]
 [1. 2. 5. 7. 8. 0.]
 [1. 1. 2. 5. 7. 8.]
 [1. 1. 1. 2. 6. 7.]]
Centroid : {4: (1.0, 4.0), 1: (1.5714285714285714, 1.0), 5: (3.0, 2.0), 2: (3.0, 1.0), 7: (4.5, 1.5), 8: (4.5, 2.5), 6: (3.5, 2.0), 9: (4.0, 4.0)}
Repeat number : 16
Original weight : [13.8, 5.27, 5.13, 6.43, 7.42, 15.26, 8.75, 20.39, 9.58, 15.08, 5.28, 6.71, 21.04, 22.26, 17.79, 21.92, 5.65, 8.15, 16.77, 22.82, 19.62, 16.32, 20.62, 23.74, 23.09]
Sequence : [0, 0, 0, 0, 0, 0, 0, 1, 2, 3, 4, 5, 6, 7, 8, 9, 10, 11, 12, 13, 14, 15, 16, 17, 18]
Emergency : [0, 0, 0, 0, 0, 0, 0, 0, 0, 0, 0, 0, 0, 0, 0, 0, 0, 0, 0, 0, 0, 0, 0, 0, 0]
Time taken to solve the MIP model : 0.0125 seconds
---------------------------------
