Can't find feasible solution

Number of initial container : 7
Number of new container : 18
Total number of containers : 25
Level_num : 9
Container_level : [6, 7, 8, 7, 2, 8, 1, 6, 8, 5, 1, 9, 6, 3, 4, 6, 1, 5, 5, 6, 2, 5, 5, 1, 5]
ideal_configuration : 
 [[5. 6. 7. 9. 0. 0.]
 [3. 5. 6. 8. 0. 0.]
 [1. 4. 5. 6. 8. 0.]
 [1. 2. 5. 5. 6. 8.]
 [1. 1. 2. 5. 6. 7.]]
Centroid : {6: (3.8, 2.0), 7: (4.5, 2.0), 8: (5.0, 2.0), 2: (2.5, 0.5), 1: (1.25, 0.75), 5: (2.8333333333333335, 1.8333333333333333), 9: (4.0, 4.0), 3: (1.0, 3.0), 4: (2.0, 2.0)}
Repeat number : 14
Original weight : [19.45, 19.58, 21.41, 21.32, 11.91, 23.09, 8.35, 19.14, 21.76, 16.18, 9.74, 23.25, 19.34, 13.36, 14.6, 19.42, 10.03, 17.19, 15.95, 18.78, 11.27, 16.91, 16.51, 9.0, 15.94]
Sequence : [0, 0, 0, 0, 0, 0, 0, 1, 2, 3, 4, 5, 6, 7, 8, 9, 10, 11, 12, 13, 14, 15, 16, 17, 18]
Emergency : [0, 0, 0, 0, 0, 0, 0, 0, 0, 0, 0, 0, 0, 0, 0, 0, 0, 0, 0, 0, 0, 0, 0, 0, 0]
Time taken to solve the MIP model : 0.0478 seconds
---------------------------------
