Can't find feasible solution

Number of initial container : 7
Number of new container : 18
Total number of containers : 25
Level_num : 9
Container_level : [5, 2, 8, 1, 8, 7, 4, 3, 5, 8, 7, 6, 1, 3, 3, 2, 9, 8, 4, 8, 2, 3, 4, 4, 3]
ideal_configuration : 
 [[4. 5. 8. 9. 0. 0.]
 [3. 4. 6. 8. 0. 0.]
 [2. 3. 4. 7. 8. 0.]
 [1. 2. 3. 4. 7. 8.]
 [1. 2. 3. 3. 5. 8.]]
Centroid : {5: (3.5, 2.0), 2: (1.6666666666666667, 1.0), 8: (4.8, 2.0), 1: (1.0, 0.5), 7: (4.5, 1.5), 4: (2.5, 2.5), 3: (2.6, 1.2), 6: (3.0, 3.0), 9: (4.0, 4.0)}
Repeat number : 8
Original weight : [15.56, 7.95, 21.54, 5.51, 20.02, 18.8, 12.6, 9.65, 15.15, 21.21, 19.34, 15.93, 7.03, 10.32, 9.84, 7.93, 21.95, 20.53, 13.14, 21.5, 8.08, 9.78, 12.54, 12.15, 10.44]
Sequence : [0, 0, 0, 0, 0, 0, 0, 1, 2, 3, 4, 5, 6, 7, 8, 9, 10, 11, 12, 13, 14, 15, 16, 17, 18]
Emergency : [0, 0, 0, 0, 0, 0, 0, 0, 0, 0, 0, 0, 0, 0, 0, 0, 0, 0, 0, 0, 0, 0, 0, 0, 0]
Time taken to solve the MIP model : 0.0079 seconds
---------------------------------
