Can't find feasible solution

Number of initial container : 7
Number of new container : 18
Total number of containers : 25
Level_num : 9
Container_level : [8, 8, 7, 3, 2, 3, 3, 4, 6, 1, 5, 1, 7, 7, 1, 8, 7, 2, 5, 2, 9, 6, 3, 8, 2]
ideal_configuration : 
 [[3. 6. 8. 9. 0. 0.]
 [2. 4. 7. 8. 0. 0.]
 [2. 3. 5. 7. 8. 0.]
 [1. 2. 3. 5. 7. 8.]
 [1. 1. 2. 3. 6. 7.]]
Centroid : {8: (4.5, 2.5), 7: (4.5, 1.5), 3: (2.5, 1.75), 2: (1.75, 1.5), 4: (2.0, 3.0), 6: (3.5, 2.0), 1: (1.3333333333333333, 0.3333333333333333), 5: (3.5, 1.5), 9: (4.0, 4.0)}
Repeat number : 17
Original weight : [22.1, 23.97, 21.13, 10.08, 8.53, 11.58, 11.07, 14.24, 18.93, 5.83, 16.45, 5.41, 20.09, 20.28, 7.26, 22.29, 20.28, 7.91, 16.32, 9.74, 24.0, 17.19, 10.43, 23.72, 10.0]
Sequence : [0, 0, 0, 0, 0, 0, 0, 1, 2, 3, 4, 5, 6, 7, 8, 9, 10, 11, 12, 13, 14, 15, 16, 17, 18]
Emergency : [0, 0, 0, 0, 0, 0, 0, 0, 0, 0, 0, 0, 0, 0, 0, 0, 0, 0, 0, 0, 0, 0, 0, 0, 0]
Time taken to solve the MIP model : 0.0096 seconds
---------------------------------
