Can't find feasible solution

Number of initial container : 7
Number of new container : 18
Total number of containers : 25
Level_num : 9
Container_level : [3, 7, 6, 7, 3, 2, 8, 8, 4, 1, 5, 8, 1, 9, 6, 3, 4, 2, 8, 2, 8, 3, 2, 2, 1]
ideal_configuration : 
 [[3. 6. 8. 9. 0. 0.]
 [2. 3. 6. 8. 0. 0.]
 [2. 2. 4. 7. 8. 0.]
 [1. 2. 3. 4. 7. 8.]
 [1. 1. 2. 3. 5. 8.]]
Centroid : {3: (2.5, 2.0), 7: (4.5, 1.5), 6: (2.5, 3.5), 2: (1.8, 1.6), 8: (4.8, 2.0), 4: (3.5, 1.5), 1: (1.3333333333333333, 0.3333333333333333), 5: (5.0, 0.0), 9: (4.0, 4.0)}
Repeat number : 2
Original weight : [10.92, 19.11, 18.41, 19.85, 10.2, 9.8, 23.06, 21.86, 13.21, 5.55, 14.79, 22.04, 6.24, 23.55, 18.95, 10.45, 14.35, 9.07, 22.02, 9.22, 22.63, 11.7, 9.65, 9.46, 6.53]
Sequence : [0, 0, 0, 0, 0, 0, 0, 1, 2, 3, 4, 5, 6, 7, 8, 9, 10, 11, 12, 13, 14, 15, 16, 17, 18]
Emergency : [0, 0, 0, 0, 0, 0, 0, 0, 0, 0, 0, 0, 0, 0, 0, 0, 0, 0, 0, 0, 0, 0, 0, 0, 0]
Time taken to solve the MIP model : 0.0085 seconds
---------------------------------
