Can't find feasible solution

Number of initial container : 7
Number of new container : 18
Total number of containers : 25
Level_num : 9
Container_level : [3, 8, 7, 1, 7, 6, 8, 1, 1, 3, 5, 9, 8, 5, 6, 8, 8, 6, 5, 5, 3, 6, 7, 7, 7]
ideal_configuration : 
 [[6. 7. 8. 9. 0. 0.]
 [5. 6. 7. 8. 0. 0.]
 [3. 5. 6. 7. 8. 0.]
 [1. 3. 5. 6. 7. 8.]
 [1. 1. 3. 5. 7. 8.]]
Centroid : {3: (2.0, 1.0), 8: (4.8, 2.0), 7: (3.8, 2.0), 1: (1.3333333333333333, 0.3333333333333333), 6: (2.5, 2.5), 5: (2.5, 1.5), 9: (4.0, 4.0)}
Repeat number : 9
Original weight : [10.24, 21.0, 20.09, 7.0, 18.98, 16.1, 20.64, 5.02, 6.08, 9.61, 15.08, 22.27, 20.85, 15.74, 16.64, 21.72, 21.99, 17.07, 14.4, 15.26, 10.91, 17.16, 18.26, 18.78, 18.33]
Sequence : [0, 0, 0, 0, 0, 0, 0, 1, 2, 3, 4, 5, 6, 7, 8, 9, 10, 11, 12, 13, 14, 15, 16, 17, 18]
Emergency : [0, 0, 0, 0, 0, 0, 0, 0, 0, 0, 0, 0, 0, 0, 0, 0, 0, 0, 0, 0, 0, 0, 0, 0, 0]
Time taken to solve the MIP model : 0.0104 seconds
---------------------------------
