Can't find feasible solution

Number of initial container : 7
Number of new container : 18
Total number of containers : 25
Level_num : 9
Container_level : [6, 5, 4, 1, 5, 8, 3, 7, 2, 7, 6, 8, 9, 5, 8, 8, 1, 7, 6, 7, 5, 8, 4, 5, 4]
ideal_configuration : 
 [[5. 7. 8. 9. 0. 0.]
 [4. 5. 7. 8. 0. 0.]
 [3. 5. 6. 7. 8. 0.]
 [1. 4. 5. 6. 7. 8.]
 [1. 2. 4. 5. 6. 8.]]
Centroid : {6: (4.0, 1.0), 5: (2.4, 2.0), 4: (2.0, 1.3333333333333333), 1: (1.0, 0.5), 8: (4.8, 2.0), 3: (1.0, 2.0), 7: (3.5, 2.5), 2: (2.0, 0.0), 9: (4.0, 4.0)}
Repeat number : 6
Original weight : [17.15, 14.78, 12.26, 5.02, 15.34, 22.58, 11.46, 20.05, 9.61, 20.77, 16.98, 22.51, 23.5, 14.32, 23.15, 21.84, 6.78, 20.91, 16.98, 20.05, 15.95, 23.07, 13.65, 15.93, 12.28]
Sequence : [0, 0, 0, 0, 0, 0, 0, 1, 2, 3, 4, 5, 6, 7, 8, 9, 10, 11, 12, 13, 14, 15, 16, 17, 18]
Emergency : [0, 0, 0, 0, 0, 0, 0, 0, 0, 0, 0, 0, 0, 0, 0, 0, 0, 0, 0, 0, 0, 0, 0, 0, 0]
Time taken to solve the MIP model : 0.0100 seconds
---------------------------------
