Can't find feasible solution

Number of initial container : 7
Number of new container : 18
Total number of containers : 25
Level_num : 9
Container_level : [1, 8, 8, 2, 7, 2, 5, 9, 1, 8, 5, 3, 4, 1, 4, 8, 4, 3, 2, 5, 3, 2, 5, 5, 5]
ideal_configuration : 
 [[4. 5. 8. 9. 0. 0.]
 [2. 4. 5. 8. 0. 0.]
 [2. 3. 4. 5. 8. 0.]
 [1. 2. 3. 5. 5. 8.]
 [1. 1. 2. 3. 5. 7.]]
Centroid : {1: (1.3333333333333333, 0.3333333333333333), 8: (4.5, 2.5), 2: (1.75, 1.5), 7: (6.0, 0.0), 5: (3.8333333333333335, 1.8333333333333333), 9: (4.0, 4.0), 3: (3.0, 1.0), 4: (2.0, 3.0)}
Repeat number : 30
Original weight : [6.4, 21.3, 21.53, 9.69, 20.24, 9.72, 16.17, 22.27, 6.92, 20.62, 15.03, 11.92, 12.57, 6.19, 13.3, 20.63, 12.77, 12.0, 9.39, 14.34, 11.46, 8.57, 14.95, 15.2, 14.77]
Sequence : [0, 0, 0, 0, 0, 0, 0, 1, 2, 3, 4, 5, 6, 7, 8, 9, 10, 11, 12, 13, 14, 15, 16, 17, 18]
Emergency : [0, 0, 0, 0, 0, 0, 0, 0, 0, 0, 0, 0, 0, 0, 0, 0, 0, 0, 0, 0, 0, 0, 0, 0, 0]
Time taken to solve the MIP model : 0.0093 seconds
---------------------------------
