Can't find feasible solution

Number of initial container : 7
Number of new container : 18
Total number of containers : 25
Level_num : 9
Container_level : [2, 9, 3, 8, 2, 8, 3, 2, 2, 2, 7, 8, 6, 1, 5, 6, 1, 3, 5, 5, 7, 4, 4, 5, 6]
ideal_configuration : 
 [[4. 5. 7. 9. 0. 0.]
 [2. 4. 6. 8. 0. 0.]
 [2. 3. 5. 6. 8. 0.]
 [1. 2. 3. 5. 6. 8.]
 [1. 2. 2. 3. 5. 7.]]
Centroid : {2: (1.8, 1.2), 9: (4.0, 4.0), 3: (3.0, 1.0), 8: (5.0, 2.0), 7: (4.5, 2.0), 6: (4.0, 2.0), 1: (1.0, 0.5), 5: (3.5, 1.75), 4: (1.5, 3.5)}
Repeat number : 20
Original weight : [10.21, 24.0, 13.18, 23.98, 10.49, 22.77, 12.61, 11.72, 9.91, 10.47, 20.03, 23.03, 18.38, 9.06, 17.81, 18.7, 7.85, 12.42, 17.41, 17.04, 21.33, 15.53, 15.17, 16.06, 19.14]
Sequence : [0, 0, 0, 0, 0, 0, 0, 1, 2, 3, 4, 5, 6, 7, 8, 9, 10, 11, 12, 13, 14, 15, 16, 17, 18]
Emergency : [0, 0, 0, 0, 0, 0, 0, 0, 0, 0, 0, 0, 0, 0, 0, 0, 0, 0, 0, 0, 0, 0, 0, 0, 0]
Time taken to solve the MIP model : 0.0101 seconds
---------------------------------
