Can't find feasible solution

Number of initial container : 7
Number of new container : 18
Total number of containers : 25
Level_num : 9
Container_level : [8, 1, 2, 3, 3, 1, 3, 3, 3, 4, 8, 2, 8, 5, 4, 5, 6, 1, 8, 8, 7, 2, 5, 1, 5]
ideal_configuration : 
 [[3. 5. 8. 8. 0. 0.]
 [2. 3. 5. 8. 0. 0.]
 [1. 3. 4. 5. 8. 0.]
 [1. 2. 3. 4. 6. 8.]
 [1. 1. 2. 3. 5. 7.]]
Centroid : {8: (4.4, 2.8), 1: (1.25, 0.75), 2: (2.0, 1.3333333333333333), 3: (2.4, 2.0), 4: (3.5, 1.5), 5: (3.5, 2.25), 6: (5.0, 1.0), 7: (6.0, 0.0)}
Repeat number : 25
Original weight : [20.1, 6.7, 9.48, 11.27, 10.94, 6.11, 10.39, 11.49, 10.24, 13.6, 20.52, 8.16, 22.16, 14.98, 12.07, 15.09, 16.71, 6.28, 21.97, 21.35, 19.46, 8.83, 14.16, 5.42, 15.03]
Sequence : [0, 0, 0, 0, 0, 0, 0, 1, 2, 3, 4, 5, 6, 7, 8, 9, 10, 11, 12, 13, 14, 15, 16, 17, 18]
Emergency : [0, 0, 0, 0, 0, 0, 0, 0, 0, 0, 0, 0, 0, 0, 0, 0, 0, 0, 0, 0, 0, 0, 0, 0, 0]
Time taken to solve the MIP model : 0.0080 seconds
---------------------------------
