Can't find feasible solution

Number of initial container : 7
Number of new container : 18
Total number of containers : 25
Level_num : 9
Container_level : [5, 1, 1, 4, 7, 1, 1, 4, 6, 6, 6, 8, 2, 6, 8, 1, 2, 6, 1, 9, 2, 7, 6, 7, 7]
ideal_configuration : 
 [[4. 6. 7. 9. 0. 0.]
 [2. 5. 6. 7. 0. 0.]
 [1. 2. 6. 6. 8. 0.]
 [1. 1. 2. 6. 7. 8.]
 [1. 1. 1. 4. 6. 7.]]
Centroid : {5: (2.0, 3.0), 1: (1.6666666666666667, 0.6666666666666666), 4: (2.5, 2.0), 7: (4.5, 2.0), 6: (3.5, 2.0), 8: (5.5, 1.5), 2: (2.0, 2.0), 9: (4.0, 4.0)}
Repeat number : 5
Original weight : [15.68, 5.39, 5.74, 13.71, 19.67, 6.2, 6.88, 14.01, 17.78, 16.71, 16.82, 22.82, 8.17, 18.47, 21.62, 5.54, 8.07, 17.37, 5.42, 23.02, 7.77, 20.29, 16.72, 20.31, 19.11]
Sequence : [0, 0, 0, 0, 0, 0, 0, 1, 2, 3, 4, 5, 6, 7, 8, 9, 10, 11, 12, 13, 14, 15, 16, 17, 18]
Emergency : [0, 0, 0, 0, 0, 0, 0, 0, 0, 0, 0, 0, 0, 0, 0, 0, 0, 0, 0, 0, 0, 0, 0, 0, 0]
Time taken to solve the MIP model : 0.0146 seconds
---------------------------------
