Can't find feasible solution

Number of initial container : 7
Number of new container : 18
Total number of containers : 25
Level_num : 9
Container_level : [9, 4, 6, 1, 7, 2, 5, 2, 3, 8, 4, 7, 4, 2, 7, 5, 6, 2, 7, 1, 6, 1, 1, 7, 2]
ideal_configuration : 
 [[4. 6. 7. 9. 0. 0.]
 [2. 4. 6. 7. 0. 0.]
 [1. 2. 4. 6. 7. 0.]
 [1. 2. 2. 5. 7. 8.]
 [1. 1. 2. 3. 5. 7.]]
Centroid : {9: (4.0, 4.0), 4: (2.0, 3.0), 6: (3.0, 3.0), 1: (1.25, 0.75), 7: (4.6, 2.0), 2: (2.2, 1.4), 5: (4.5, 0.5), 3: (4.0, 0.0), 8: (6.0, 1.0)}
Repeat number : 11
Original weight : [22.76, 13.72, 16.54, 5.53, 20.2, 9.81, 14.4, 9.29, 11.22, 21.7, 13.52, 19.88, 13.53, 8.83, 20.49, 15.04, 16.8, 9.64, 19.14, 7.35, 17.75, 7.11, 5.88, 20.45, 7.73]
Sequence : [0, 0, 0, 0, 0, 0, 0, 1, 2, 3, 4, 5, 6, 7, 8, 9, 10, 11, 12, 13, 14, 15, 16, 17, 18]
Emergency : [0, 0, 0, 0, 0, 0, 0, 0, 0, 0, 0, 0, 0, 0, 0, 0, 0, 0, 0, 0, 0, 0, 0, 0, 0]
Time taken to solve the MIP model : 0.0094 seconds
---------------------------------
