Can't find feasible solution

Number of initial container : 7
Number of new container : 18
Total number of containers : 25
Level_num : 9
Container_level : [5, 8, 5, 8, 1, 9, 6, 5, 2, 4, 3, 3, 4, 4, 1, 6, 4, 6, 3, 8, 2, 4, 8, 3, 8]
ideal_configuration : 
 [[4. 5. 8. 9. 0. 0.]
 [3. 4. 6. 8. 0. 0.]
 [2. 3. 4. 6. 8. 0.]
 [1. 3. 4. 5. 6. 8.]
 [1. 2. 3. 4. 5. 8.]]
Centroid : {5: (3.6666666666666665, 1.6666666666666667), 8: (4.8, 2.0), 1: (1.0, 0.5), 9: (4.0, 4.0), 6: (4.0, 2.0), 2: (1.5, 1.0), 4: (2.6, 2.0), 3: (2.0, 1.5)}
Repeat number : 19
Original weight : [15.1, 22.11, 16.96, 23.34, 6.75, 23.98, 18.67, 16.26, 9.53, 12.66, 11.28, 10.43, 13.53, 14.01, 5.61, 18.21, 12.83, 17.2, 12.48, 23.27, 10.04, 13.77, 23.32, 11.74, 22.26]
Sequence : [0, 0, 0, 0, 0, 0, 0, 1, 2, 3, 4, 5, 6, 7, 8, 9, 10, 11, 12, 13, 14, 15, 16, 17, 18]
Emergency : [0, 0, 0, 0, 0, 0, 0, 0, 0, 0, 0, 0, 0, 0, 0, 0, 0, 0, 0, 0, 0, 0, 0, 0, 0]
Time taken to solve the MIP model : 0.0401 seconds
---------------------------------
