Can't find feasible solution

Number of initial container : 7
Number of new container : 18
Total number of containers : 25
Level_num : 9
Container_level : [5, 7, 4, 1, 6, 8, 6, 3, 1, 4, 8, 7, 7, 8, 1, 4, 7, 1, 1, 8, 4, 5, 5, 5, 5]
ideal_configuration : 
 [[5. 6. 7. 8. 0. 0.]
 [4. 5. 6. 8. 0. 0.]
 [1. 4. 5. 7. 8. 0.]
 [1. 1. 4. 5. 7. 8.]
 [1. 1. 3. 4. 5. 7.]]
Centroid : {5: (3.0, 2.0), 7: (4.5, 1.75), 4: (2.5, 1.5), 1: (1.4, 0.8), 6: (2.5, 3.5), 8: (4.75, 2.5), 3: (3.0, 0.0)}
Repeat number : 15
Original weight : [15.26, 20.03, 13.41, 6.08, 18.17, 23.71, 18.69, 11.06, 7.51, 12.5, 23.47, 20.57, 20.62, 23.81, 6.8, 12.71, 19.73, 5.49, 5.51, 22.63, 12.89, 14.98, 15.06, 15.51, 16.01]
Sequence : [0, 0, 0, 0, 0, 0, 0, 1, 2, 3, 4, 5, 6, 7, 8, 9, 10, 11, 12, 13, 14, 15, 16, 17, 18]
Emergency : [0, 0, 0, 0, 0, 0, 0, 0, 0, 0, 0, 0, 0, 0, 0, 0, 0, 0, 0, 0, 0, 0, 0, 0, 0]
Time taken to solve the MIP model : 0.0108 seconds
---------------------------------
