Can't find feasible solution

Number of initial container : 7
Number of new container : 18
Total number of containers : 25
Level_num : 9
Container_level : [3, 1, 2, 4, 7, 3, 1, 9, 5, 2, 8, 3, 5, 4, 8, 8, 6, 1, 1, 3, 3, 3, 1, 8, 5]
ideal_configuration : 
 [[3. 5. 8. 9. 0. 0.]
 [2. 3. 5. 8. 0. 0.]
 [1. 3. 3. 5. 8. 0.]
 [1. 1. 3. 4. 6. 8.]
 [1. 1. 2. 3. 4. 7.]]
Centroid : {3: (2.5, 2.0), 1: (1.4, 0.8), 2: (2.0, 1.5), 4: (4.5, 0.5), 7: (6.0, 0.0), 9: (4.0, 4.0), 5: (3.0, 3.0), 8: (4.5, 2.5), 6: (5.0, 1.0)}
Repeat number : 21
Original weight : [11.31, 8.0, 8.9, 14.19, 19.55, 10.84, 7.37, 23.69, 15.5, 9.05, 22.83, 10.7, 16.24, 14.8, 22.3, 22.15, 18.46, 6.83, 5.96, 11.43, 12.18, 12.06, 7.82, 21.6, 16.67]
Sequence : [0, 0, 0, 0, 0, 0, 0, 1, 2, 3, 4, 5, 6, 7, 8, 9, 10, 11, 12, 13, 14, 15, 16, 17, 18]
Emergency : [0, 0, 0, 0, 0, 0, 0, 0, 0, 0, 0, 0, 0, 0, 0, 0, 0, 0, 0, 0, 0, 0, 0, 0, 0]
Time taken to solve the MIP model : 0.0083 seconds
---------------------------------
