Can't find feasible solution

Number of initial container : 15
Number of new container : 5
Total number of containers : 20
Level_num : 9
Container_level : [2, 6, 3, 6, 6, 1, 5, 1, 7, 2, 7, 8, 5, 2, 3, 7, 8, 9, 1, 3]
ideal_configuration : 
 [[5. 7. 0. 0. 0. 0.]
 [3. 6. 7. 0. 0. 0.]
 [2. 3. 6. 8. 0. 0.]
 [1. 2. 3. 6. 8. 0.]
 [1. 1. 2. 5. 7. 9.]]
Centroid : {2: (2.0, 1.0), 6: (3.0, 2.0), 3: (2.0, 2.0), 1: (1.3333333333333333, 0.3333333333333333), 5: (2.5, 2.0), 7: (3.3333333333333335, 2.3333333333333335), 8: (4.5, 1.5), 9: (6.0, 0.0)}
Repeat number : 28
Original weight : [7.68, 18.83, 10.07, 18.77, 19.0, 7.24, 14.97, 5.81, 21.1, 9.14, 21.24, 23.48, 15.05, 9.33, 11.84, 19.49, 22.05, 23.75, 5.26, 12.13]
Sequence : [0, 0, 0, 0, 0, 0, 0, 0, 0, 0, 0, 0, 0, 0, 0, 1, 2, 3, 4, 5]
Emergency : [0, 0, 0, 0, 0, 0, 0, 0, 0, 0, 0, 0, 0, 0, 0, 0, 0, 0, 0, 0]
Time taken to solve the MIP model : 0.0050 seconds
---------------------------------
