Can't find feasible solution

Number of initial container : 15
Number of new container : 5
Total number of containers : 20
Level_num : 9
Container_level : [5, 8, 3, 6, 7, 3, 1, 2, 1, 1, 8, 3, 7, 4, 4, 4, 6, 8, 2, 9]
ideal_configuration : 
 [[4. 7. 0. 0. 0. 0.]
 [3. 5. 8. 0. 0. 0.]
 [2. 3. 6. 8. 0. 0.]
 [1. 2. 4. 6. 8. 0.]
 [1. 1. 3. 4. 7. 9.]]
Centroid : {5: (2.0, 3.0), 8: (4.0, 2.0), 3: (2.0, 1.6666666666666667), 6: (3.5, 1.5), 7: (3.5, 2.0), 1: (1.3333333333333333, 0.3333333333333333), 2: (1.5, 1.5), 4: (2.6666666666666665, 1.6666666666666667), 9: (6.0, 0.0)}
Repeat number : 9
Original weight : [15.62, 20.86, 11.87, 17.6, 19.96, 11.35, 6.92, 10.55, 7.51, 7.89, 21.1, 11.23, 19.19, 13.14, 13.09, 13.46, 17.2, 21.91, 9.63, 22.76]
Sequence : [0, 0, 0, 0, 0, 0, 0, 0, 0, 0, 0, 0, 0, 0, 0, 1, 2, 3, 4, 5]
Emergency : [0, 0, 0, 0, 0, 0, 0, 0, 0, 0, 0, 0, 0, 0, 0, 0, 0, 0, 0, 0]
Time taken to solve the MIP model : 0.0135 seconds
---------------------------------
