Can't find feasible solution

Number of initial container : 15
Number of new container : 5
Total number of containers : 20
Level_num : 9
Container_level : [2, 5, 6, 1, 2, 1, 8, 6, 8, 2, 7, 5, 9, 3, 7, 1, 4, 5, 6, 5]
ideal_configuration : 
 [[5. 7. 0. 0. 0. 0.]
 [3. 5. 7. 0. 0. 0.]
 [2. 4. 6. 8. 0. 0.]
 [1. 2. 5. 6. 8. 0.]
 [1. 1. 2. 5. 6. 9.]]
Centroid : {2: (2.0, 1.0), 5: (2.5, 2.0), 6: (4.0, 1.0), 1: (1.3333333333333333, 0.3333333333333333), 8: (4.5, 1.5), 7: (2.5, 3.5), 9: (6.0, 0.0), 3: (1.0, 3.0), 4: (2.0, 2.0)}
Repeat number : 13
Original weight : [8.22, 15.64, 17.9, 6.1, 9.17, 7.03, 21.21, 17.09, 22.31, 8.52, 19.09, 14.76, 23.07, 9.96, 18.98, 5.06, 13.41, 15.72, 16.98, 14.52]
Sequence : [0, 0, 0, 0, 0, 0, 0, 0, 0, 0, 0, 0, 0, 0, 0, 1, 2, 3, 4, 5]
Emergency : [0, 0, 0, 0, 0, 0, 0, 0, 0, 0, 0, 0, 0, 0, 0, 0, 0, 0, 0, 0]
Time taken to solve the MIP model : 0.0122 seconds
---------------------------------
