Can't find feasible solution

Number of initial container : 15
Number of new container : 5
Total number of containers : 20
Level_num : 9
Container_level : [7, 7, 3, 3, 4, 7, 4, 5, 4, 5, 7, 1, 2, 8, 7, 5, 9, 6, 1, 7]
ideal_configuration : 
 [[5. 7. 0. 0. 0. 0.]
 [4. 6. 7. 0. 0. 0.]
 [3. 4. 7. 7. 0. 0.]
 [1. 3. 5. 7. 8. 0.]
 [1. 2. 4. 5. 7. 9.]]
Centroid : {7: (3.5, 2.0), 3: (1.5, 1.5), 4: (2.0, 1.6666666666666667), 5: (2.6666666666666665, 1.6666666666666667), 1: (1.0, 0.5), 2: (2.0, 0.0), 8: (5.0, 1.0), 9: (6.0, 0.0), 6: (2.0, 3.0)}
Repeat number : 6
Original weight : [19.42, 19.31, 10.03, 11.76, 14.01, 19.45, 12.98, 15.38, 13.76, 14.92, 19.62, 6.17, 7.57, 23.67, 20.12, 15.76, 23.92, 18.69, 5.16, 20.89]
Sequence : [0, 0, 0, 0, 0, 0, 0, 0, 0, 0, 0, 0, 0, 0, 0, 1, 2, 3, 4, 5]
Emergency : [0, 0, 0, 0, 0, 0, 0, 0, 0, 0, 0, 0, 0, 0, 0, 0, 0, 0, 0, 0]
Time taken to solve the MIP model : 0.0048 seconds
---------------------------------
