Can't find feasible solution

Number of initial container : 15
Number of new container : 5
Total number of containers : 20
Level_num : 9
Container_level : [6, 2, 1, 2, 2, 2, 4, 2, 2, 9, 6, 8, 6, 8, 4, 1, 5, 8, 6, 4]
ideal_configuration : 
 [[4. 6. 0. 0. 0. 0.]
 [2. 5. 8. 0. 0. 0.]
 [2. 2. 6. 8. 0. 0.]
 [1. 2. 4. 6. 8. 0.]
 [1. 2. 2. 4. 6. 9.]]
Centroid : {6: (3.5, 1.75), 2: (1.8333333333333333, 1.3333333333333333), 1: (1.0, 0.5), 4: (2.6666666666666665, 1.6666666666666667), 9: (6.0, 0.0), 8: (4.0, 2.0), 5: (2.0, 3.0)}
Repeat number : 14
Original weight : [18.27, 8.92, 5.0, 9.55, 8.58, 7.93, 13.46, 7.38, 7.56, 23.47, 17.69, 21.91, 18.19, 22.57, 12.8, 5.71, 16.51, 23.0, 17.05, 12.82]
Sequence : [0, 0, 0, 0, 0, 0, 0, 0, 0, 0, 0, 0, 0, 0, 0, 1, 2, 3, 4, 5]
Emergency : [0, 0, 0, 0, 0, 0, 0, 0, 0, 0, 0, 0, 0, 0, 0, 0, 0, 0, 0, 0]
Time taken to solve the MIP model : 0.0160 seconds
---------------------------------
