Can't find feasible solution

Number of initial container : 10
Number of new container : 13
Total number of containers : 23
Level_num : 9
Container_level : [6, 6, 6, 6, 8, 8, 8, 1, 8, 8, 6, 1, 1, 9, 6, 6, 8, 1, 1, 8, 8, 6, 6]
ideal_configuration : 
 [[6. 8. 8. 0. 0. 0.]
 [6. 6. 8. 8. 0. 0.]
 [1. 6. 6. 8. 9. 0.]
 [1. 1. 6. 6. 8. 0.]
 [1. 1. 6. 6. 8. 8.]]
Centroid : {6: (1.5555555555555556, 1.7777777777777777), 8: (3.0, 2.125), 1: (0.4, 0.8), 9: (4.0, 2.0)}
Repeat number : 3
Original weight : [12.52, 14.19, 12.04, 12.51, 9.74, 18.16, 5.95, 9.94, 9.13, 11.26, 10.62, 12.88, 17.46, 23.8, 13.59, 19.03, 13.85, 17.16, 19.48, 12.81, 8.3, 13.62, 7.77]
Group : [2, 2, 2, 2, 3, 3, 3, 0, 3, 3, 2, 0, 0, 3, 2, 2, 3, 0, 0, 3, 3, 2, 2]
Sequence : [0, 0, 0, 0, 0, 0, 0, 0, 0, 0, 1, 2, 3, 4, 5, 6, 7, 8, 9, 10, 11, 12, 13]
Scroe : [212.52, 214.19, 212.04, 212.51, 309.74, 318.16, 305.95, 9.94, 309.13, 311.26, 210.62, 12.88, 17.46, 323.8, 213.59, 219.03, 313.85, 17.16, 19.48, 312.81, 308.3, 213.62, 207.77]
Time taken to solve the MIP model : 0.0000 seconds
---------------------------------
