Can't find feasible solution

Number of initial container : 10
Number of new container : 13
Total number of containers : 23
Level_num : 9
Container_level : [8, 1, 8, 3, 1, 8, 6, 6, 8, 3, 9, 8, 6, 8, 8, 6, 3, 6, 1, 6, 6, 3, 3]
ideal_configuration : 
 [[6. 8. 8. 0. 0. 0.]
 [3. 6. 8. 8. 0. 0.]
 [3. 3. 6. 8. 9. 0.]
 [1. 3. 6. 6. 8. 0.]
 [1. 1. 3. 6. 6. 8.]]
Centroid : {8: (2.857142857142857, 2.4285714285714284), 1: (0.3333333333333333, 0.3333333333333333), 3: (0.8, 1.6), 6: (2.142857142857143, 1.5714285714285714), 9: (4.0, 2.0)}
Repeat number : 22
Original weight : [5.64, 12.17, 19.06, 21.07, 18.76, 5.55, 22.9, 19.97, 11.72, 19.75, 20.97, 11.82, 18.93, 14.12, 16.35, 22.79, 6.39, 23.87, 17.4, 9.68, 7.48, 14.05, 15.28]
Group : [3, 0, 3, 1, 0, 3, 2, 2, 3, 1, 3, 3, 2, 3, 3, 2, 1, 2, 0, 2, 2, 1, 1]
Sequence : [0, 0, 0, 0, 0, 0, 0, 0, 0, 0, 1, 2, 3, 4, 5, 6, 7, 8, 9, 10, 11, 12, 13]
Scroe : [305.64, 12.17, 319.06, 121.07, 18.76, 305.55, 222.9, 219.97, 311.72, 119.75, 320.97, 311.82, 218.93, 314.12, 316.35, 222.79, 106.39, 223.87, 17.4, 209.68, 207.48, 114.05, 115.28]
Time taken to solve the MIP model : 0.0000 seconds
---------------------------------
