Can't find feasible solution

Number of initial container : 10
Number of new container : 13
Total number of containers : 23
Level_num : 9
Container_level : [8, 1, 1, 3, 6, 1, 3, 1, 3, 9, 1, 8, 6, 3, 8, 3, 6, 6, 3, 3, 1, 1, 6]
ideal_configuration : 
 [[3. 6. 8. 0. 0. 0.]
 [1. 3. 6. 8. 0. 0.]
 [1. 3. 3. 6. 9. 0.]
 [1. 1. 3. 3. 6. 0.]
 [1. 1. 1. 3. 6. 8.]]
Centroid : {8: (3.3333333333333335, 2.3333333333333335), 1: (0.5714285714285714, 1.0), 3: (1.7142857142857142, 1.8571428571428572), 6: (2.8, 2.0), 9: (4.0, 2.0)}
Repeat number : 6
Original weight : [19.5, 5.5, 17.51, 11.97, 20.97, 13.28, 10.09, 18.46, 15.72, 20.59, 15.77, 17.61, 16.59, 15.03, 16.45, 5.3, 22.71, 14.42, 17.7, 11.82, 16.74, 20.29, 19.76]
Group : [3, 0, 0, 1, 2, 0, 1, 0, 1, 3, 0, 3, 2, 1, 3, 1, 2, 2, 1, 1, 0, 0, 2]
Sequence : [0, 0, 0, 0, 0, 0, 0, 0, 0, 0, 1, 2, 3, 4, 5, 6, 7, 8, 9, 10, 11, 12, 13]
Scroe : [319.5, 5.5, 17.51, 111.97, 220.97, 13.28, 110.09, 18.46, 115.72, 320.59, 15.77, 317.61, 216.59, 115.03, 316.45, 105.3, 222.71, 214.42, 117.7, 111.82, 16.74, 20.29, 219.76]
Time taken to solve the MIP model : 0.0009 seconds
---------------------------------
