Can't find feasible solution

Number of initial container : 10
Number of new container : 13
Total number of containers : 23
Level_num : 9
Container_level : [1, 3, 9, 6, 3, 1, 1, 6, 3, 8, 6, 6, 6, 1, 6, 6, 3, 3, 1, 1, 1, 3, 3]
ideal_configuration : 
 [[3. 6. 6. 0. 0. 0.]
 [1. 3. 6. 8. 0. 0.]
 [1. 3. 3. 6. 9. 0.]
 [1. 1. 3. 3. 6. 0.]
 [1. 1. 1. 3. 6. 6.]]
Centroid : {1: (0.5714285714285714, 1.0), 3: (1.7142857142857142, 1.8571428571428572), 9: (4.0, 2.0), 6: (3.0, 2.0), 8: (3.0, 3.0)}
Repeat number : 12
Original weight : [21.59, 10.12, 21.14, 12.82, 5.77, 13.8, 15.14, 15.83, 17.98, 8.39, 6.27, 16.43, 16.49, 5.55, 23.72, 23.69, 14.36, 23.1, 15.16, 5.59, 12.88, 9.45, 14.21]
Group : [0, 1, 3, 2, 1, 0, 0, 2, 1, 3, 2, 2, 2, 0, 2, 2, 1, 1, 0, 0, 0, 1, 1]
Sequence : [0, 0, 0, 0, 0, 0, 0, 0, 0, 0, 1, 2, 3, 4, 5, 6, 7, 8, 9, 10, 11, 12, 13]
Scroe : [21.59, 110.12, 321.14, 212.82, 105.77, 13.8, 15.14, 215.83, 117.98, 308.39, 206.27, 216.43, 216.49, 5.55, 223.72, 223.69, 114.36, 123.1, 15.16, 5.59, 12.88, 109.45, 114.21000000000001]
Time taken to solve the MIP model : 0.0000 seconds
---------------------------------
