Can't find feasible solution

Number of initial container : 10
Number of new container : 13
Total number of containers : 23
Level_num : 9
Container_level : [6, 8, 6, 6, 1, 8, 8, 1, 8, 1, 9, 3, 8, 8, 3, 1, 6, 6, 3, 8, 8, 3, 6]
ideal_configuration : 
 [[6. 8. 8. 0. 0. 0.]
 [3. 6. 8. 8. 0. 0.]
 [1. 3. 6. 8. 9. 0.]
 [1. 3. 6. 6. 8. 0.]
 [1. 1. 3. 6. 8. 8.]]
Centroid : {6: (1.8333333333333333, 1.8333333333333333), 8: (3.0, 2.125), 1: (0.25, 0.75), 9: (4.0, 2.0), 3: (1.0, 1.5)}
Repeat number : 1
Original weight : [18.68, 12.67, 16.13, 9.92, 14.65, 6.15, 14.83, 16.59, 10.38, 12.57, 19.66, 14.34, 5.11, 17.35, 8.56, 22.91, 5.39, 15.14, 10.01, 11.74, 17.56, 7.32, 17.58]
Group : [2, 3, 2, 2, 0, 3, 3, 0, 3, 0, 3, 1, 3, 3, 1, 0, 2, 2, 1, 3, 3, 1, 2]
Sequence : [0, 0, 0, 0, 0, 0, 0, 0, 0, 0, 1, 2, 3, 4, 5, 6, 7, 8, 9, 10, 11, 12, 13]
Scroe : [218.68, 312.67, 216.13, 209.92, 14.65, 306.15, 314.83, 16.59, 310.38, 12.57, 319.66, 114.34, 305.11, 317.35, 108.56, 22.91, 205.39, 215.14, 110.01, 311.74, 317.56, 107.32, 217.57999999999998]
Time taken to solve the MIP model : 0.0000 seconds
---------------------------------
