Can't find feasible solution

Number of initial container : 10
Number of new container : 13
Total number of containers : 23
Level_num : 9
Container_level : [6, 6, 8, 3, 8, 8, 8, 1, 3, 8, 6, 1, 6, 3, 1, 8, 8, 6, 3, 9, 6, 3, 6]
ideal_configuration : 
 [[6. 8. 8. 0. 0. 0.]
 [3. 6. 8. 8. 0. 0.]
 [3. 3. 6. 8. 9. 0.]
 [1. 3. 6. 6. 8. 0.]
 [1. 1. 3. 6. 6. 8.]]
Centroid : {6: (2.142857142857143, 1.5714285714285714), 8: (2.857142857142857, 2.4285714285714284), 3: (0.8, 1.6), 1: (0.3333333333333333, 0.3333333333333333), 9: (4.0, 2.0)}
Repeat number : 10
Original weight : [16.28, 17.96, 22.28, 15.12, 18.55, 17.52, 22.61, 9.24, 13.68, 18.04, 19.66, 16.41, 12.58, 12.7, 8.67, 14.92, 10.21, 19.14, 17.36, 23.81, 7.49, 21.92, 5.74]
Group : [2, 2, 3, 1, 3, 3, 3, 0, 1, 3, 2, 0, 2, 1, 0, 3, 3, 2, 1, 3, 2, 1, 2]
Sequence : [0, 0, 0, 0, 0, 0, 0, 0, 0, 0, 1, 2, 3, 4, 5, 6, 7, 8, 9, 10, 11, 12, 13]
Scroe : [216.28, 217.96, 322.28, 115.12, 318.55, 317.52, 322.61, 9.24, 113.68, 318.04, 219.66, 16.41, 212.58, 112.7, 8.67, 314.92, 310.21, 219.14, 117.36, 323.81, 207.49, 121.92, 205.74]
Time taken to solve the MIP model : 0.0000 seconds
---------------------------------
