Can't find feasible solution

Number of initial container : 10
Number of new container : 13
Total number of containers : 23
Level_num : 9
Container_level : [8, 6, 3, 6, 1, 1, 3, 8, 6, 1, 3, 8, 3, 3, 3, 1, 3, 9, 3, 8, 3, 8, 6]
ideal_configuration : 
 [[3. 6. 8. 0. 0. 0.]
 [3. 3. 6. 8. 0. 0.]
 [1. 3. 3. 8. 9. 0.]
 [1. 3. 3. 6. 8. 0.]
 [1. 1. 3. 3. 6. 8.]]
Centroid : {8: (3.4, 2.0), 6: (2.5, 2.0), 3: (1.3333333333333333, 1.7777777777777777), 1: (0.25, 0.75), 9: (4.0, 2.0)}
Repeat number : 11
Original weight : [9.5, 5.92, 21.57, 17.3, 6.19, 9.21, 12.73, 13.34, 11.77, 18.27, 8.71, 14.97, 18.96, 23.03, 23.54, 23.17, 15.48, 21.66, 14.06, 8.26, 15.73, 18.46, 15.43]
Group : [3, 2, 1, 2, 0, 0, 1, 3, 2, 0, 1, 3, 1, 1, 1, 0, 1, 3, 1, 3, 1, 3, 2]
Sequence : [0, 0, 0, 0, 0, 0, 0, 0, 0, 0, 1, 2, 3, 4, 5, 6, 7, 8, 9, 10, 11, 12, 13]
Scroe : [309.5, 205.92, 121.57, 217.3, 6.19, 9.21, 112.73, 313.34, 211.77, 18.27, 108.71000000000001, 314.97, 118.96000000000001, 123.03, 123.53999999999999, 23.17, 115.48, 321.66, 114.06, 308.26, 115.73, 318.46, 215.43]
Time taken to solve the MIP model : 0.0150 seconds
---------------------------------
