Can't find feasible solution

Number of initial container : 15
Number of new container : 5
Total number of containers : 20
Level_num : 9
Container_level : [2, 1, 6, 5, 4, 5, 9, 2, 3, 1, 6, 6, 8, 6, 7, 1, 8, 8, 5, 8]
ideal_configuration : 
 [[6. 8. 0. 0. 0. 0.]
 [4. 6. 8. 0. 0. 0.]
 [2. 5. 6. 8. 0. 0.]
 [1. 2. 5. 6. 8. 0.]
 [1. 1. 3. 5. 7. 9.]]
Centroid : {2: (1.5, 1.5), 1: (1.3333333333333333, 0.3333333333333333), 6: (2.5, 2.5), 5: (3.0, 1.0), 4: (1.0, 3.0), 9: (6.0, 0.0), 3: (3.0, 0.0), 8: (3.5, 2.5), 7: (5.0, 0.0)}
Repeat number : 12
Original weight : [8.65, 6.71, 17.95, 16.09, 12.99, 16.14, 23.58, 8.32, 10.4, 5.72, 17.92, 17.01, 21.51, 18.4, 19.37, 7.06, 22.67, 21.89, 16.72, 21.46]
Sequence : [0, 0, 0, 0, 0, 0, 0, 0, 0, 0, 0, 0, 0, 0, 0, 1, 2, 3, 4, 5]
Emergency : [0, 0, 0, 0, 0, 0, 0, 0, 0, 0, 0, 0, 0, 0, 0, 0, 0, 0, 0, 0]
Time taken to solve the MIP model : 0.0055 seconds
---------------------------------
