Can't find feasible solution

Number of initial container : 15
Number of new container : 5
Total number of containers : 20
Level_num : 9
Container_level : [7, 4, 3, 8, 5, 5, 3, 7, 5, 1, 8, 6, 5, 8, 1, 2, 1, 3, 9, 3]
ideal_configuration : 
 [[5. 7. 0. 0. 0. 0.]
 [3. 5. 8. 0. 0. 0.]
 [2. 3. 5. 8. 0. 0.]
 [1. 3. 4. 6. 8. 0.]
 [1. 1. 3. 5. 7. 9.]]
Centroid : {7: (3.5, 2.0), 4: (3.0, 1.0), 3: (2.0, 1.5), 8: (4.0, 2.0), 5: (2.5, 2.25), 1: (1.3333333333333333, 0.3333333333333333), 6: (4.0, 1.0), 2: (1.0, 2.0), 9: (6.0, 0.0)}
Repeat number : 11
Original weight : [18.77, 11.88, 11.6, 22.12, 14.2, 15.46, 11.64, 19.69, 16.11, 5.34, 21.4, 18.12, 14.81, 22.42, 5.06, 8.67, 7.19, 10.86, 23.01, 9.98]
Sequence : [0, 0, 0, 0, 0, 0, 0, 0, 0, 0, 0, 0, 0, 0, 0, 1, 2, 3, 4, 5]
Emergency : [0, 0, 0, 0, 0, 0, 0, 0, 0, 0, 0, 0, 0, 0, 0, 0, 0, 0, 0, 0]
Time taken to solve the MIP model : 0.0144 seconds
---------------------------------
