Can't find feasible solution

Number of initial container : 15
Number of new container : 5
Total number of containers : 20
Level_num : 9
Container_level : [1, 7, 8, 5, 9, 7, 2, 2, 1, 4, 7, 6, 7, 5, 3, 3, 6, 7, 4, 5]
ideal_configuration : 
 [[5. 7. 0. 0. 0. 0.]
 [4. 6. 7. 0. 0. 0.]
 [2. 4. 6. 7. 0. 0.]
 [1. 3. 5. 7. 8. 0.]
 [1. 2. 3. 5. 7. 9.]]
Centroid : {1: (1.0, 0.5), 7: (3.6, 2.0), 8: (5.0, 1.0), 5: (2.6666666666666665, 1.6666666666666667), 9: (6.0, 0.0), 2: (1.5, 1.0), 4: (1.5, 2.5), 6: (2.5, 2.5), 3: (2.5, 0.5)}
Repeat number : 26
Original weight : [6.67, 18.2, 21.6, 14.32, 21.89, 17.73, 7.31, 8.28, 5.05, 12.48, 18.11, 16.21, 19.18, 14.51, 10.83, 10.74, 16.32, 19.08, 13.02, 13.64]
Sequence : [0, 0, 0, 0, 0, 0, 0, 0, 0, 0, 0, 0, 0, 0, 0, 1, 2, 3, 4, 5]
Emergency : [0, 0, 0, 0, 0, 0, 0, 0, 0, 0, 0, 0, 0, 0, 0, 0, 0, 0, 0, 0]
Time taken to solve the MIP model : 0.0056 seconds
---------------------------------
