Can't find feasible solution

Number of initial container : 15
Number of new container : 5
Total number of containers : 20
Level_num : 9
Container_level : [7, 9, 2, 5, 8, 5, 4, 2, 4, 6, 5, 2, 1, 7, 1, 6, 4, 1, 3, 4]
ideal_configuration : 
 [[4. 6. 0. 0. 0. 0.]
 [3. 5. 7. 0. 0. 0.]
 [2. 4. 5. 7. 0. 0.]
 [1. 2. 4. 5. 8. 0.]
 [1. 1. 2. 4. 6. 9.]]
Centroid : {7: (3.5, 2.5), 9: (6.0, 0.0), 2: (2.0, 1.0), 5: (3.0, 2.0), 8: (5.0, 1.0), 4: (2.5, 1.75), 6: (3.5, 2.0), 1: (1.3333333333333333, 0.3333333333333333), 3: (1.0, 3.0)}
Repeat number : 4
Original weight : [19.78, 22.95, 7.96, 15.92, 22.71, 15.54, 12.42, 8.72, 13.73, 18.45, 16.29, 9.97, 5.77, 20.5, 7.0, 18.07, 13.34, 7.56, 11.36, 13.34]
Sequence : [0, 0, 0, 0, 0, 0, 0, 0, 0, 0, 0, 0, 0, 0, 0, 1, 2, 3, 4, 5]
Emergency : [0, 0, 0, 0, 0, 0, 0, 0, 0, 0, 0, 0, 0, 0, 0, 0, 0, 0, 0, 0]
Time taken to solve the MIP model : 0.0191 seconds
---------------------------------
