Can't find feasible solution

Number of initial container : 7
Number of new container : 18
Total number of containers : 25
Level_num : 9
Container_level : [8, 6, 1, 1, 3, 8, 3, 3, 1, 3, 8, 6, 6, 3, 9, 1, 3, 1, 1, 3, 3, 1, 1, 6, 1]
ideal_configuration : 
 [[3. 3. 6. 9. 0. 0.]
 [1. 3. 3. 8. 0. 0.]
 [1. 1. 3. 6. 8. 0.]
 [1. 1. 1. 3. 6. 8.]
 [1. 1. 1. 3. 3. 6.]]
Centroid : {8: (4.0, 2.0), 6: (3.5, 1.75), 1: (0.7777777777777778, 1.1111111111111112), 3: (2.0, 2.125), 9: (3.0, 4.0)}
Repeat number : 14
Original weight : [11.78, 9.12, 11.36, 21.37, 5.58, 7.54, 14.16, 19.43, 7.78, 14.94, 16.81, 13.05, 8.78, 16.83, 19.66, 12.16, 9.63, 22.66, 23.29, 20.77, 16.88, 23.77, 13.67, 19.64, 23.73]
Group : [3, 2, 0, 0, 1, 3, 1, 1, 0, 1, 3, 2, 2, 1, 3, 0, 1, 0, 0, 1, 1, 0, 0, 2, 0]
Sequence : [0, 0, 0, 0, 0, 0, 0, 1, 2, 3, 4, 5, 6, 7, 8, 9, 10, 11, 12, 13, 14, 15, 16, 17, 18]
Scroe : [311.78, 209.12, 11.36, 21.37, 105.58, 307.54, 114.16, 119.43, 7.78, 114.94, 316.81, 213.05, 208.78, 116.83, 319.66, 12.16, 109.63, 22.66, 23.29, 120.77, 116.88, 23.77, 13.67, 219.64, 23.73]
Time taken to solve the MIP model : 0.0059 seconds
---------------------------------
