Can't find feasible solution

Number of initial container : 7
Number of new container : 18
Total number of containers : 25
Level_num : 9
Container_level : [6, 6, 3, 3, 6, 1, 3, 9, 6, 6, 1, 1, 6, 3, 1, 6, 8, 1, 1, 3, 8, 6, 6, 3, 8]
ideal_configuration : 
 [[3. 6. 6. 9. 0. 0.]
 [3. 3. 6. 8. 0. 0.]
 [1. 3. 6. 6. 8. 0.]
 [1. 1. 3. 6. 6. 8.]
 [1. 1. 1. 3. 6. 6.]]
Centroid : {6: (2.888888888888889, 1.8888888888888888), 3: (1.1666666666666667, 2.1666666666666665), 1: (0.6666666666666666, 0.6666666666666666), 9: (3.0, 4.0), 8: (4.0, 2.0)}
Repeat number : 7
Original weight : [15.97, 21.73, 23.33, 5.67, 11.57, 12.18, 18.46, 20.64, 17.66, 7.73, 6.69, 9.76, 20.27, 16.48, 23.89, 7.77, 7.06, 13.98, 12.31, 16.98, 19.54, 12.82, 10.78, 15.3, 8.01]
Group : [2, 2, 1, 1, 2, 0, 1, 3, 2, 2, 0, 0, 2, 1, 0, 2, 3, 0, 0, 1, 3, 2, 2, 1, 3]
Sequence : [0, 0, 0, 0, 0, 0, 0, 1, 2, 3, 4, 5, 6, 7, 8, 9, 10, 11, 12, 13, 14, 15, 16, 17, 18]
Scroe : [215.97, 221.73, 123.33, 105.67, 211.57, 12.18, 118.46000000000001, 320.64, 217.66, 207.73, 6.69, 9.76, 220.27, 116.48, 23.89, 207.77, 307.06, 13.98, 12.31, 116.98, 319.54, 212.82, 210.78, 115.3, 308.01]
Time taken to solve the MIP model : 0.0070 seconds
---------------------------------
