Can't find feasible solution

Number of initial container : 7
Number of new container : 18
Total number of containers : 25
Level_num : 9
Container_level : [3, 9, 3, 8, 3, 1, 3, 3, 1, 3, 6, 8, 1, 1, 3, 1, 8, 8, 6, 8, 6, 3, 3, 6, 1]
ideal_configuration : 
 [[3. 6. 8. 9. 0. 0.]
 [3. 3. 6. 8. 0. 0.]
 [1. 3. 3. 6. 8. 0.]
 [1. 1. 3. 3. 6. 8.]
 [1. 1. 1. 3. 3. 8.]]
Centroid : {3: (1.7777777777777777, 1.7777777777777777), 9: (3.0, 4.0), 8: (3.8, 2.0), 1: (0.6666666666666666, 0.6666666666666666), 6: (2.5, 2.5)}
Repeat number : 27
Original weight : [15.66, 20.39, 5.91, 10.75, 17.79, 12.19, 20.92, 16.44, 9.61, 15.04, 5.21, 13.43, 22.54, 17.82, 5.84, 21.96, 9.09, 11.69, 11.31, 7.25, 15.8, 10.23, 13.29, 16.99, 6.79]
Group : [1, 3, 1, 3, 1, 0, 1, 1, 0, 1, 2, 3, 0, 0, 1, 0, 3, 3, 2, 3, 2, 1, 1, 2, 0]
Sequence : [0, 0, 0, 0, 0, 0, 0, 1, 2, 3, 4, 5, 6, 7, 8, 9, 10, 11, 12, 13, 14, 15, 16, 17, 18]
Scroe : [115.66, 320.39, 105.91, 310.75, 117.78999999999999, 12.19, 120.92, 116.44, 9.61, 115.03999999999999, 205.21, 313.43, 22.54, 17.82, 105.84, 21.96, 309.09, 311.69, 211.31, 307.25, 215.8, 110.23, 113.28999999999999, 216.99, 6.79]
Time taken to solve the MIP model : 0.0157 seconds
---------------------------------
