Can't find feasible solution

Number of initial container : 7
Number of new container : 18
Total number of containers : 25
Level_num : 9
Container_level : [3, 6, 6, 6, 1, 3, 8, 8, 8, 1, 3, 6, 6, 3, 6, 1, 8, 6, 1, 8, 1, 3, 3, 6, 9]
ideal_configuration : 
 [[3. 6. 8. 9. 0. 0.]
 [3. 6. 6. 8. 0. 0.]
 [1. 3. 6. 6. 8. 0.]
 [1. 1. 3. 6. 6. 8.]
 [1. 1. 3. 3. 6. 8.]]
Centroid : {3: (1.3333333333333333, 1.6666666666666667), 6: (2.5, 2.0), 1: (0.4, 0.8), 8: (3.8, 2.0), 9: (3.0, 4.0)}
Repeat number : 21
Original weight : [20.08, 14.58, 17.52, 22.6, 15.22, 7.3, 15.39, 9.02, 22.72, 5.63, 9.31, 11.48, 13.68, 14.24, 21.97, 14.45, 15.11, 9.56, 13.53, 10.28, 20.2, 10.27, 7.0, 23.33, 22.95]
Group : [1, 2, 2, 2, 0, 1, 3, 3, 3, 0, 1, 2, 2, 1, 2, 0, 3, 2, 0, 3, 0, 1, 1, 2, 3]
Sequence : [0, 0, 0, 0, 0, 0, 0, 1, 2, 3, 4, 5, 6, 7, 8, 9, 10, 11, 12, 13, 14, 15, 16, 17, 18]
Scroe : [120.08, 214.58, 217.52, 222.6, 15.22, 107.3, 315.39, 309.02, 322.72, 5.63, 109.31, 211.48, 213.68, 114.24, 221.97, 14.45, 315.11, 209.56, 13.53, 310.28, 20.2, 110.27, 107.0, 223.32999999999998, 322.95]
Time taken to solve the MIP model : 0.0050 seconds
---------------------------------
