Can't find feasible solution

Number of initial container : 7
Number of new container : 18
Total number of containers : 25
Level_num : 9
Container_level : [6, 3, 8, 8, 8, 1, 8, 3, 9, 8, 1, 3, 3, 1, 8, 1, 3, 6, 8, 3, 1, 8, 1, 1, 1]
ideal_configuration : 
 [[3. 6. 8. 9. 0. 0.]
 [1. 3. 8. 8. 0. 0.]
 [1. 1. 3. 8. 8. 0.]
 [1. 1. 3. 3. 8. 8.]
 [1. 1. 1. 3. 6. 8.]]
Centroid : {6: (2.5, 2.0), 3: (1.8333333333333333, 1.8333333333333333), 8: (3.5, 2.0), 1: (0.625, 1.125), 9: (3.0, 4.0)}
Repeat number : 8
Original weight : [14.67, 7.56, 21.1, 20.03, 10.07, 6.34, 14.85, 19.1, 23.69, 10.7, 17.56, 6.52, 12.28, 9.12, 15.66, 13.93, 9.32, 6.26, 8.35, 21.01, 23.62, 13.23, 22.45, 16.84, 21.42]
Group : [2, 1, 3, 3, 3, 0, 3, 1, 3, 3, 0, 1, 1, 0, 3, 0, 1, 2, 3, 1, 0, 3, 0, 0, 0]
Sequence : [0, 0, 0, 0, 0, 0, 0, 1, 2, 3, 4, 5, 6, 7, 8, 9, 10, 11, 12, 13, 14, 15, 16, 17, 18]
Scroe : [214.67, 107.56, 321.1, 320.03, 310.07, 6.34, 314.85, 119.1, 323.69, 310.7, 17.56, 106.52, 112.28, 9.12, 315.66, 13.93, 109.32, 206.26, 308.35, 121.01, 23.62, 313.23, 22.45, 16.84, 21.42]
Time taken to solve the MIP model : 0.0177 seconds
---------------------------------
