Can't find feasible solution

Number of initial container : 10
Number of new container : 15
Total number of containers : 25
Level_num : 9
Container_level : [6, 3, 6, 3, 3, 8, 1, 1, 1, 8, 1, 3, 8, 1, 3, 6, 1, 3, 6, 9, 8, 6, 3, 8, 1]
ideal_configuration : 
 [[3. 6. 8. 9. 0. 0.]
 [1. 3. 6. 8. 0. 0.]
 [1. 3. 3. 6. 8. 0.]
 [1. 1. 3. 3. 6. 8.]
 [1. 1. 1. 3. 6. 8.]]
Centroid : {6: (2.8, 2.0), 3: (1.7142857142857142, 1.8571428571428572), 8: (3.8, 2.0), 1: (0.5714285714285714, 1.0), 9: (3.0, 4.0)}
Repeat number : 10
Original weight : [22.33, 12.48, 20.46, 20.84, 8.01, 7.39, 6.7, 9.31, 10.05, 20.03, 17.36, 22.77, 17.92, 22.77, 14.57, 7.62, 10.5, 5.51, 6.95, 22.85, 17.3, 5.07, 18.28, 8.4, 20.77]
Group : [2, 1, 2, 1, 1, 3, 0, 0, 0, 3, 0, 1, 3, 0, 1, 2, 0, 1, 2, 3, 3, 2, 1, 3, 0]
Sequence : [0, 0, 0, 0, 0, 0, 0, 0, 0, 0, 1, 2, 3, 4, 5, 6, 7, 8, 9, 10, 11, 12, 13, 14, 15]
Scroe : [222.32999999999998, 112.48, 220.46, 120.84, 108.01, 307.39, 6.7, 9.31, 10.05, 320.03, 17.36, 122.77, 317.92, 22.77, 114.57, 207.62, 10.5, 105.51, 206.95, 322.85, 317.3, 205.07, 118.28, 308.4, 20.77]
Time taken to solve the MIP model : 0.0000 seconds
---------------------------------
