Can't find feasible solution

Number of initial container : 10
Number of new container : 15
Total number of containers : 25
Level_num : 9
Container_level : [6, 8, 8, 8, 6, 1, 3, 8, 1, 6, 1, 1, 9, 8, 3, 6, 1, 1, 6, 1, 8, 6, 1, 8, 8]
ideal_configuration : 
 [[6. 6. 8. 9. 0. 0.]
 [1. 6. 8. 8. 0. 0.]
 [1. 1. 6. 8. 8. 0.]
 [1. 1. 3. 6. 8. 8.]
 [1. 1. 1. 3. 6. 8.]]
Centroid : {6: (1.8333333333333333, 2.3333333333333335), 8: (3.5, 2.0), 1: (0.625, 1.125), 3: (2.5, 0.5), 9: (3.0, 4.0)}
Repeat number : 22
Original weight : [22.95, 17.6, 6.84, 20.94, 16.43, 20.31, 20.4, 22.15, 22.03, 7.19, 9.21, 21.77, 23.02, 8.11, 5.42, 8.73, 19.15, 14.54, 9.66, 23.15, 20.37, 21.04, 14.27, 10.84, 7.41]
Group : [2, 3, 3, 3, 2, 0, 1, 3, 0, 2, 0, 0, 3, 3, 1, 2, 0, 0, 2, 0, 3, 2, 0, 3, 3]
Sequence : [0, 0, 0, 0, 0, 0, 0, 0, 0, 0, 1, 2, 3, 4, 5, 6, 7, 8, 9, 10, 11, 12, 13, 14, 15]
Scroe : [222.95, 317.6, 306.84, 320.94, 216.43, 20.31, 120.4, 322.15, 22.03, 207.19, 9.21, 21.77, 323.02, 308.11, 105.42, 208.73, 19.15, 14.54, 209.66, 23.15, 320.37, 221.04, 14.27, 310.84, 307.41]
Time taken to solve the MIP model : 0.0156 seconds
---------------------------------
