Can't find feasible solution

Number of initial container : 10
Number of new container : 15
Total number of containers : 25
Level_num : 9
Container_level : [1, 1, 1, 8, 1, 3, 3, 3, 8, 8, 8, 3, 9, 3, 6, 8, 8, 1, 3, 3, 1, 6, 1, 3, 3]
ideal_configuration : 
 [[3. 3. 8. 9. 0. 0.]
 [1. 3. 6. 8. 0. 0.]
 [1. 3. 3. 6. 8. 0.]
 [1. 1. 3. 3. 8. 8.]
 [1. 1. 1. 3. 3. 8.]]
Centroid : {1: (0.5714285714285714, 1.0), 8: (3.8333333333333335, 1.8333333333333333), 3: (1.8888888888888888, 1.8888888888888888), 9: (3.0, 4.0), 6: (2.5, 2.5)}
Repeat number : 11
Original weight : [13.93, 10.55, 19.79, 20.04, 9.57, 8.73, 10.66, 8.42, 21.76, 9.92, 7.9, 12.23, 22.5, 16.1, 9.88, 22.15, 21.93, 10.36, 7.75, 11.92, 13.86, 5.5, 6.32, 13.69, 21.31]
Group : [0, 0, 0, 3, 0, 1, 1, 1, 3, 3, 3, 1, 3, 1, 2, 3, 3, 0, 1, 1, 0, 2, 0, 1, 1]
Sequence : [0, 0, 0, 0, 0, 0, 0, 0, 0, 0, 1, 2, 3, 4, 5, 6, 7, 8, 9, 10, 11, 12, 13, 14, 15]
Scroe : [13.93, 10.55, 19.79, 320.04, 9.57, 108.73, 110.66, 108.42, 321.76, 309.92, 307.9, 112.23, 322.5, 116.1, 209.88, 322.15, 321.93, 10.36, 107.75, 111.92, 13.86, 205.5, 6.32, 113.69, 121.31]
Time taken to solve the MIP model : 0.0090 seconds
---------------------------------
