Can't find feasible solution

Number of initial container : 10
Number of new container : 15
Total number of containers : 25
Level_num : 9
Container_level : [3, 6, 3, 1, 6, 3, 3, 8, 8, 3, 3, 6, 1, 3, 6, 1, 6, 1, 9, 6, 6, 8, 1, 6, 8]
ideal_configuration : 
 [[3. 6. 8. 9. 0. 0.]
 [3. 3. 6. 8. 0. 0.]
 [1. 3. 6. 6. 8. 0.]
 [1. 1. 3. 6. 6. 8.]
 [1. 1. 3. 3. 6. 6.]]
Centroid : {3: (1.2857142857142858, 1.8571428571428572), 6: (3.0, 1.625), 1: (0.4, 0.8), 8: (3.5, 2.5), 9: (3.0, 4.0)}
Repeat number : 7
Original weight : [11.69, 23.06, 17.82, 22.87, 22.36, 9.92, 17.65, 9.03, 21.1, 17.0, 21.76, 21.42, 17.35, 18.95, 18.62, 7.97, 6.76, 9.05, 23.68, 17.11, 14.66, 10.91, 8.27, 17.5, 14.55]
Group : [1, 2, 1, 0, 2, 1, 1, 3, 3, 1, 1, 2, 0, 1, 2, 0, 2, 0, 3, 2, 2, 3, 0, 2, 3]
Sequence : [0, 0, 0, 0, 0, 0, 0, 0, 0, 0, 1, 2, 3, 4, 5, 6, 7, 8, 9, 10, 11, 12, 13, 14, 15]
Scroe : [111.69, 223.06, 117.82, 22.87, 222.36, 109.92, 117.65, 309.03, 321.1, 117.0, 121.76, 221.42000000000002, 17.35, 118.95, 218.62, 7.97, 206.76, 9.05, 323.68, 217.11, 214.66, 310.91, 8.27, 217.5, 314.55]
Time taken to solve the MIP model : 0.0168 seconds
---------------------------------
