Can't find feasible solution

Number of initial container : 10
Number of new container : 15
Total number of containers : 25
Level_num : 9
Container_level : [8, 8, 1, 8, 3, 1, 8, 1, 3, 6, 8, 3, 1, 3, 6, 3, 3, 6, 3, 1, 1, 8, 3, 1, 9]
ideal_configuration : 
 [[3. 6. 8. 9. 0. 0.]
 [1. 3. 6. 8. 0. 0.]
 [1. 3. 3. 6. 8. 0.]
 [1. 1. 3. 3. 8. 8.]
 [1. 1. 1. 3. 3. 8.]]
Centroid : {8: (3.8333333333333335, 1.8333333333333333), 1: (0.5714285714285714, 1.0), 3: (2.0, 1.625), 6: (2.0, 3.0), 9: (3.0, 4.0)}
Repeat number : 12
Original weight : [22.01, 14.93, 10.94, 20.39, 22.96, 11.76, 13.31, 13.46, 6.33, 9.83, 12.39, 16.86, 22.87, 18.11, 15.48, 10.77, 8.85, 8.55, 13.37, 8.5, 14.69, 16.64, 23.52, 5.24, 23.54]
Group : [3, 3, 0, 3, 1, 0, 3, 0, 1, 2, 3, 1, 0, 1, 2, 1, 1, 2, 1, 0, 0, 3, 1, 0, 3]
Sequence : [0, 0, 0, 0, 0, 0, 0, 0, 0, 0, 1, 2, 3, 4, 5, 6, 7, 8, 9, 10, 11, 12, 13, 14, 15]
Scroe : [322.01, 314.93, 10.94, 320.39, 122.96000000000001, 11.76, 313.31, 13.46, 106.33, 209.83, 312.39, 116.86, 22.87, 118.11, 215.48, 110.77, 108.85, 208.55, 113.37, 8.5, 14.69, 316.64, 123.52, 5.24, 323.54]
Time taken to solve the MIP model : 0.0000 seconds
---------------------------------
