Can't find feasible solution

Number of initial container : 10
Number of new container : 15
Total number of containers : 25
Level_num : 9
Container_level : [6, 3, 3, 8, 6, 1, 1, 1, 6, 6, 1, 8, 6, 6, 3, 1, 8, 1, 9, 3, 3, 8, 1, 8, 1]
ideal_configuration : 
 [[3. 6. 8. 9. 0. 0.]
 [1. 3. 6. 8. 0. 0.]
 [1. 1. 3. 6. 8. 0.]
 [1. 1. 3. 6. 6. 8.]
 [1. 1. 1. 3. 6. 8.]]
Centroid : {6: (2.8333333333333335, 1.8333333333333333), 3: (1.6, 2.0), 8: (3.8, 2.0), 1: (0.625, 1.125), 9: (3.0, 4.0)}
Repeat number : 28
Original weight : [19.98, 23.94, 5.17, 9.25, 13.81, 20.04, 23.62, 21.37, 10.0, 16.1, 19.14, 11.23, 19.47, 6.14, 21.88, 22.64, 13.67, 14.05, 20.25, 12.89, 18.92, 6.83, 15.09, 19.69, 10.49]
Group : [2, 1, 1, 3, 2, 0, 0, 0, 2, 2, 0, 3, 2, 2, 1, 0, 3, 0, 3, 1, 1, 3, 0, 3, 0]
Sequence : [0, 0, 0, 0, 0, 0, 0, 0, 0, 0, 1, 2, 3, 4, 5, 6, 7, 8, 9, 10, 11, 12, 13, 14, 15]
Scroe : [219.98, 123.94, 105.17, 309.25, 213.81, 20.04, 23.62, 21.37, 210.0, 216.1, 19.14, 311.23, 219.47, 206.14, 121.88, 22.64, 313.67, 14.05, 320.25, 112.89, 118.92, 306.83, 15.09, 319.69, 10.49]
Time taken to solve the MIP model : 0.0000 seconds
---------------------------------
