Can't find feasible solution

Number of initial container : 10
Number of new container : 15
Total number of containers : 25
Level_num : 9
Container_level : [3, 8, 6, 8, 1, 9, 3, 6, 1, 8, 8, 8, 1, 3, 6, 3, 1, 6, 8, 3, 3, 8, 3, 3, 3]
ideal_configuration : 
 [[3. 6. 8. 9. 0. 0.]
 [3. 3. 6. 8. 0. 0.]
 [1. 3. 3. 8. 8. 0.]
 [1. 3. 3. 6. 8. 8.]
 [1. 1. 3. 3. 6. 8.]]
Centroid : {3: (1.3333333333333333, 1.7777777777777777), 8: (3.7142857142857144, 1.8571428571428572), 6: (2.5, 2.0), 1: (0.25, 0.75), 9: (3.0, 4.0)}
Repeat number : 20
Original weight : [13.8, 22.72, 18.5, 13.17, 13.04, 23.96, 19.24, 8.44, 11.17, 6.86, 10.87, 9.87, 15.52, 22.63, 12.77, 10.84, 23.72, 21.38, 14.97, 16.64, 7.54, 14.28, 5.11, 20.36, 23.26]
Group : [1, 3, 2, 3, 0, 3, 1, 2, 0, 3, 3, 3, 0, 1, 2, 1, 0, 2, 3, 1, 1, 3, 1, 1, 1]
Sequence : [0, 0, 0, 0, 0, 0, 0, 0, 0, 0, 1, 2, 3, 4, 5, 6, 7, 8, 9, 10, 11, 12, 13, 14, 15]
Scroe : [113.8, 322.72, 218.5, 313.17, 13.04, 323.96, 119.24, 208.44, 11.17, 306.86, 310.87, 309.87, 15.52, 122.63, 212.77, 110.84, 23.72, 221.38, 314.97, 116.64, 107.54, 314.28, 105.11, 120.36, 123.26]
Time taken to solve the MIP model : 0.0156 seconds
---------------------------------
