Can't find feasible solution

Number of initial container : 10
Number of new container : 15
Total number of containers : 25
Level_num : 9
Container_level : [6, 3, 3, 8, 1, 6, 8, 6, 8, 6, 8, 6, 6, 6, 1, 1, 6, 3, 1, 3, 1, 8, 9, 3, 8]
ideal_configuration : 
 [[6. 6. 8. 9. 0. 0.]
 [3. 6. 6. 8. 0. 0.]
 [1. 3. 6. 6. 8. 0.]
 [1. 1. 3. 6. 8. 8.]
 [1. 1. 3. 3. 6. 8.]]
Centroid : {6: (2.0, 2.375), 3: (1.6, 1.2), 8: (3.8333333333333335, 1.8333333333333333), 1: (0.4, 0.8), 9: (3.0, 4.0)}
Repeat number : 14
Original weight : [8.06, 18.24, 8.06, 11.57, 12.94, 15.94, 19.53, 16.5, 13.57, 12.14, 9.82, 20.35, 5.89, 21.8, 9.73, 16.47, 7.85, 18.93, 18.57, 22.47, 5.99, 8.0, 19.99, 5.63, 19.51]
Group : [2, 1, 1, 3, 0, 2, 3, 2, 3, 2, 3, 2, 2, 2, 0, 0, 2, 1, 0, 1, 0, 3, 3, 1, 3]
Sequence : [0, 0, 0, 0, 0, 0, 0, 0, 0, 0, 1, 2, 3, 4, 5, 6, 7, 8, 9, 10, 11, 12, 13, 14, 15]
Scroe : [208.06, 118.24, 108.06, 311.57, 12.94, 215.94, 319.53, 216.5, 313.57, 212.14, 309.82, 220.35, 205.89, 221.8, 9.73, 16.47, 207.85, 118.93, 18.57, 122.47, 5.99, 308.0, 319.99, 105.63, 319.51]
Time taken to solve the MIP model : 0.0000 seconds
---------------------------------
