Can't find feasible solution

Number of initial container : 10
Number of new container : 15
Total number of containers : 25
Level_num : 9
Container_level : [8, 1, 8, 1, 3, 1, 1, 9, 8, 8, 8, 8, 6, 3, 1, 8, 1, 3, 3, 1, 3, 1, 6, 1, 3]
ideal_configuration : 
 [[3. 6. 8. 9. 0. 0.]
 [1. 3. 6. 8. 0. 0.]
 [1. 1. 3. 8. 8. 0.]
 [1. 1. 1. 3. 8. 8.]
 [1. 1. 1. 3. 3. 8.]]
Centroid : {8: (3.7142857142857144, 1.8571428571428572), 1: (0.7777777777777778, 1.1111111111111112), 3: (2.1666666666666665, 1.6666666666666667), 9: (3.0, 4.0), 6: (1.5, 3.5)}
Repeat number : 29
Original weight : [7.05, 15.75, 6.77, 17.21, 14.52, 21.96, 10.73, 23.32, 11.71, 10.51, 18.27, 18.17, 20.26, 6.3, 16.88, 10.63, 17.58, 16.29, 19.79, 5.08, 11.85, 21.38, 11.27, 8.24, 10.65]
Group : [3, 0, 3, 0, 1, 0, 0, 3, 3, 3, 3, 3, 2, 1, 0, 3, 0, 1, 1, 0, 1, 0, 2, 0, 1]
Sequence : [0, 0, 0, 0, 0, 0, 0, 0, 0, 0, 1, 2, 3, 4, 5, 6, 7, 8, 9, 10, 11, 12, 13, 14, 15]
Scroe : [307.05, 15.75, 306.77, 17.21, 114.52, 21.96, 10.73, 323.32, 311.71, 310.51, 318.27, 318.17, 220.26, 106.3, 16.88, 310.63, 17.58, 116.28999999999999, 119.78999999999999, 5.08, 111.85, 21.38, 211.27, 8.24, 110.65]
Time taken to solve the MIP model : 0.0156 seconds
---------------------------------
