Can't find feasible solution

Number of initial container : 10
Number of new container : 15
Total number of containers : 25
Level_num : 9
Container_level : [5, 8, 8, 3, 6, 1, 8, 8, 8, 3, 8, 8, 6, 3, 6, 6, 1, 8, 6, 6, 6, 3, 3, 6, 9]
ideal_configuration : 
 [[6. 6. 8. 9. 0. 0.]
 [3. 6. 8. 8. 0. 0.]
 [3. 5. 6. 8. 8. 0.]
 [1. 3. 6. 6. 8. 8.]
 [1. 3. 3. 6. 6. 8.]]
Centroid : {5: (1.0, 2.0), 8: (3.5, 2.0), 3: (0.8, 1.2), 6: (2.0, 1.875), 1: (0.0, 0.5), 9: (3.0, 4.0)}
Repeat number : 16
Original weight : [7.99, 8.26, 11.49, 9.84, 15.35, 21.92, 20.81, 21.87, 10.93, 22.25, 12.39, 5.87, 19.32, 11.84, 17.07, 12.45, 16.07, 20.63, 12.51, 12.58, 13.55, 16.67, 23.15, 12.34, 23.16]
Group : [2, 3, 3, 1, 2, 0, 3, 3, 3, 1, 3, 3, 2, 1, 2, 2, 0, 3, 2, 2, 2, 1, 1, 2, 3]
Sequence : [0, 0, 0, 0, 0, 0, 0, 0, 0, 0, 1, 2, 3, 4, 5, 6, 7, 8, 9, 10, 11, 12, 13, 14, 15]
Scroe : [207.99, 308.26, 311.49, 109.84, 215.35, 21.92, 320.81, 321.87, 310.93, 122.25, 312.39, 305.87, 219.32, 111.84, 217.07, 212.45, 16.07, 320.63, 212.51, 212.58, 213.55, 116.67, 123.15, 212.34, 323.16]
Time taken to solve the MIP model : 0.0223 seconds
---------------------------------
