Can't find feasible solution

Number of initial container : 10
Number of new container : 10
Total number of containers : 20
Level_num : 9
Container_level : [6, 3, 3, 6, 8, 3, 3, 6, 8, 9, 1, 3, 6, 6, 8, 1, 1, 6, 3, 6]
ideal_configuration : 
 [[6. 6. 0. 0. 0. 0.]
 [3. 6. 8. 0. 0. 0.]
 [3. 3. 6. 8. 0. 0.]
 [1. 3. 3. 6. 8. 0.]
 [1. 1. 3. 6. 6. 9.]]
Centroid : {6: (2.0, 2.0), 3: (1.0, 1.5), 8: (3.0, 2.0), 9: (5.0, 0.0), 1: (0.3333333333333333, 0.3333333333333333)}
Repeat number : 27
Original weight : [20.15, 5.04, 14.29, 15.26, 9.49, 12.84, 7.25, 10.3, 12.5, 21.58, 18.91, 21.53, 6.13, 20.84, 16.87, 8.1, 22.7, 11.6, 7.08, 6.89]
Group : [2, 1, 1, 2, 3, 1, 1, 2, 3, 3, 0, 1, 2, 2, 3, 0, 0, 2, 1, 2]
Sequence : [0, 0, 0, 0, 0, 0, 0, 0, 0, 0, 1, 2, 3, 4, 5, 6, 7, 8, 9, 10]
Scroe : [220.15, 105.04, 114.28999999999999, 215.26, 309.49, 112.84, 107.25, 210.3, 312.5, 321.58, 18.91, 121.53, 206.13, 220.84, 316.87, 8.1, 22.7, 211.6, 107.08, 206.89]
Time taken to solve the MIP model : 0.0153 seconds
---------------------------------
