Can't find feasible solution

Number of initial container : 10
Number of new container : 10
Total number of containers : 20
Level_num : 9
Container_level : [6, 8, 3, 1, 1, 3, 1, 1, 6, 1, 1, 6, 8, 1, 9, 3, 6, 1, 1, 8]
ideal_configuration : 
 [[3. 6. 0. 0. 0. 0.]
 [1. 3. 8. 0. 0. 0.]
 [1. 1. 6. 8. 0. 0.]
 [1. 1. 1. 6. 8. 0.]
 [1. 1. 1. 3. 6. 9.]]
Centroid : {6: (2.5, 1.75), 8: (3.0, 2.0), 3: (1.3333333333333333, 2.3333333333333335), 1: (0.7777777777777778, 1.1111111111111112), 9: (5.0, 0.0)}
Repeat number : 7
Original weight : [12.02, 18.58, 8.38, 18.51, 21.59, 16.97, 23.08, 17.39, 22.18, 8.73, 6.65, 13.53, 7.68, 15.67, 21.7, 22.11, 8.24, 19.09, 16.03, 9.85]
Group : [2, 3, 1, 0, 0, 1, 0, 0, 2, 0, 0, 2, 3, 0, 3, 1, 2, 0, 0, 3]
Sequence : [0, 0, 0, 0, 0, 0, 0, 0, 0, 0, 1, 2, 3, 4, 5, 6, 7, 8, 9, 10]
Scroe : [212.02, 318.58, 108.38, 18.51, 21.59, 116.97, 23.08, 17.39, 222.18, 8.73, 6.65, 213.53, 307.68, 15.67, 321.7, 122.11, 208.24, 19.09, 16.03, 309.85]
Time taken to solve the MIP model : 0.0000 seconds
---------------------------------
