Can't find feasible solution

Number of initial container : 10
Number of new container : 10
Total number of containers : 20
Level_num : 9
Container_level : [6, 3, 6, 9, 1, 1, 3, 6, 1, 1, 8, 6, 8, 1, 3, 3, 8, 3, 6, 1]
ideal_configuration : 
 [[3. 6. 0. 0. 0. 0.]
 [3. 6. 8. 0. 0. 0.]
 [1. 3. 6. 8. 0. 0.]
 [1. 1. 3. 6. 8. 0.]
 [1. 1. 1. 3. 6. 9.]]
Centroid : {6: (2.2, 2.0), 3: (1.2, 2.0), 9: (5.0, 0.0), 1: (0.6666666666666666, 0.6666666666666666), 8: (3.0, 2.0)}
Repeat number : 29
Original weight : [7.34, 9.15, 19.56, 20.06, 23.6, 5.61, 22.91, 16.59, 10.96, 11.94, 18.58, 12.49, 9.6, 14.44, 22.42, 16.85, 8.39, 11.0, 11.0, 10.44]
Group : [2, 1, 2, 3, 0, 0, 1, 2, 0, 0, 3, 2, 3, 0, 1, 1, 3, 1, 2, 0]
Sequence : [0, 0, 0, 0, 0, 0, 0, 0, 0, 0, 1, 2, 3, 4, 5, 6, 7, 8, 9, 10]
Scroe : [207.34, 109.15, 219.56, 320.06, 23.6, 5.61, 122.91, 216.59, 10.96, 11.94, 318.58, 212.49, 309.6, 14.44, 122.42, 116.85, 308.39, 111.0, 211.0, 10.44]
Time taken to solve the MIP model : 0.0151 seconds
---------------------------------
