Can't find feasible solution

Number of initial container : 10
Number of new container : 10
Total number of containers : 20
Level_num : 9
Container_level : [9, 6, 8, 8, 8, 8, 3, 8, 1, 8, 3, 3, 8, 1, 6, 6, 3, 3, 1, 1]
ideal_configuration : 
 [[6. 8. 0. 0. 0. 0.]
 [3. 6. 8. 0. 0. 0.]
 [1. 3. 8. 8. 0. 0.]
 [1. 3. 3. 8. 8. 0.]
 [1. 1. 3. 6. 8. 9.]]
Centroid : {9: (5.0, 0.0), 6: (1.3333333333333333, 2.3333333333333335), 8: (2.7142857142857144, 1.8571428571428572), 3: (1.2, 1.4), 1: (0.25, 0.75)}
Repeat number : 20
Original weight : [19.34, 22.37, 17.95, 9.26, 18.75, 7.91, 17.17, 12.05, 16.09, 12.55, 11.02, 9.03, 14.24, 20.39, 11.12, 21.92, 15.01, 9.86, 9.39, 21.42]
Group : [3, 2, 3, 3, 3, 3, 1, 3, 0, 3, 1, 1, 3, 0, 2, 2, 1, 1, 0, 0]
Sequence : [0, 0, 0, 0, 0, 0, 0, 0, 0, 0, 1, 2, 3, 4, 5, 6, 7, 8, 9, 10]
Scroe : [319.34, 222.37, 317.95, 309.26, 318.75, 307.91, 117.17, 312.05, 16.09, 312.55, 111.02, 109.03, 314.24, 20.39, 211.12, 221.92000000000002, 115.01, 109.86, 9.39, 21.42]
Time taken to solve the MIP model : 0.0156 seconds
---------------------------------
