Can't find feasible solution

Number of initial container : 10
Number of new container : 10
Total number of containers : 20
Level_num : 9
Container_level : [1, 8, 1, 1, 6, 3, 6, 3, 3, 1, 6, 8, 8, 8, 6, 9, 8, 3, 1, 6]
ideal_configuration : 
 [[6. 8. 0. 0. 0. 0.]
 [3. 6. 8. 0. 0. 0.]
 [1. 3. 6. 8. 0. 0.]
 [1. 1. 3. 6. 8. 0.]
 [1. 1. 3. 6. 8. 9.]]
Centroid : {1: (0.4, 0.8), 8: (2.8, 2.0), 6: (1.8, 2.0), 3: (1.25, 1.5), 9: (5.0, 0.0)}
Repeat number : 28
Original weight : [20.35, 9.82, 16.47, 7.64, 16.18, 6.71, 21.44, 20.42, 9.47, 21.69, 12.19, 14.64, 6.42, 7.24, 8.42, 16.38, 7.72, 19.84, 19.47, 14.62]
Group : [0, 3, 0, 0, 2, 1, 2, 1, 1, 0, 2, 3, 3, 3, 2, 3, 3, 1, 0, 2]
Sequence : [0, 0, 0, 0, 0, 0, 0, 0, 0, 0, 1, 2, 3, 4, 5, 6, 7, 8, 9, 10]
Scroe : [20.35, 309.82, 16.47, 7.64, 216.18, 106.71, 221.44, 120.42, 109.47, 21.69, 212.19, 314.64, 306.42, 307.24, 208.42, 316.38, 307.72, 119.84, 19.47, 214.62]
Time taken to solve the MIP model : 0.0000 seconds
---------------------------------
