Can't find feasible solution

Number of initial container : 10
Number of new container : 10
Total number of containers : 20
Level_num : 9
Container_level : [3, 8, 8, 6, 6, 8, 3, 1, 3, 8, 1, 8, 1, 6, 3, 3, 8, 6, 9, 8]
ideal_configuration : 
 [[6. 8. 0. 0. 0. 0.]
 [3. 6. 8. 0. 0. 0.]
 [3. 3. 8. 8. 0. 0.]
 [1. 3. 6. 8. 8. 0.]
 [1. 1. 3. 6. 8. 9.]]
Centroid : {3: (0.8, 1.6), 8: (2.7142857142857144, 1.8571428571428572), 6: (1.5, 2.0), 1: (0.3333333333333333, 0.3333333333333333), 9: (5.0, 0.0)}
Repeat number : 8
Original weight : [6.2, 18.11, 14.24, 17.37, 23.01, 16.87, 12.6, 18.94, 11.94, 9.18, 14.72, 5.93, 12.13, 6.77, 11.79, 6.78, 16.93, 10.37, 19.69, 13.0]
Group : [1, 3, 3, 2, 2, 3, 1, 0, 1, 3, 0, 3, 0, 2, 1, 1, 3, 2, 3, 3]
Sequence : [0, 0, 0, 0, 0, 0, 0, 0, 0, 0, 1, 2, 3, 4, 5, 6, 7, 8, 9, 10]
Scroe : [106.2, 318.11, 314.24, 217.37, 223.01, 316.87, 112.6, 18.94, 111.94, 309.18, 14.72, 305.93, 12.13, 206.77, 111.78999999999999, 106.78, 316.93, 210.37, 319.69, 313.0]
Time taken to solve the MIP model : 0.0000 seconds
---------------------------------
