Can't find feasible solution

Number of initial container : 10
Number of new container : 10
Total number of containers : 20
Level_num : 9
Container_level : [1, 3, 8, 8, 3, 6, 3, 8, 1, 8, 3, 8, 8, 3, 9, 6, 6, 1, 3, 3]
ideal_configuration : 
 [[6. 8. 0. 0. 0. 0.]
 [3. 6. 8. 0. 0. 0.]
 [3. 3. 6. 8. 0. 0.]
 [1. 3. 3. 8. 8. 0.]
 [1. 1. 3. 3. 8. 9.]]
Centroid : {1: (0.3333333333333333, 0.3333333333333333), 3: (1.2857142857142858, 1.2857142857142858), 8: (2.8333333333333335, 1.8333333333333333), 6: (1.0, 3.0), 9: (5.0, 0.0)}
Repeat number : 5
Original weight : [14.27, 21.62, 17.43, 17.14, 11.97, 6.84, 5.62, 7.23, 8.07, 15.04, 12.08, 8.2, 5.69, 5.59, 18.09, 15.4, 12.84, 14.25, 14.83, 10.29]
Group : [0, 1, 3, 3, 1, 2, 1, 3, 0, 3, 1, 3, 3, 1, 3, 2, 2, 0, 1, 1]
Sequence : [0, 0, 0, 0, 0, 0, 0, 0, 0, 0, 1, 2, 3, 4, 5, 6, 7, 8, 9, 10]
Scroe : [14.27, 121.62, 317.43, 317.14, 111.97, 206.84, 105.62, 307.23, 8.07, 315.04, 112.08, 308.2, 305.69, 105.59, 318.09, 215.4, 212.84, 14.25, 114.83, 110.28999999999999]
Time taken to solve the MIP model : 0.0000 seconds
---------------------------------
