Can't find feasible solution

Number of initial container : 10
Number of new container : 10
Total number of containers : 20
Level_num : 9
Container_level : [3, 5, 2, 2, 7, 6, 1, 9, 5, 3, 5, 4, 3, 8, 7, 7, 6, 7, 1, 3]
ideal_configuration : 
 [[5. 7. 0. 0. 0. 0.]
 [3. 5. 7. 0. 0. 0.]
 [2. 3. 6. 7. 0. 0.]
 [1. 3. 4. 6. 8. 0.]
 [1. 2. 3. 5. 7. 9.]]
Centroid : {3: (2.0, 1.5), 5: (2.3333333333333335, 2.3333333333333335), 2: (1.5, 1.0), 7: (3.5, 2.25), 6: (3.5, 1.5), 1: (1.0, 0.5), 9: (6.0, 0.0), 4: (3.0, 1.0), 8: (5.0, 1.0)}
Repeat number : 21
Original weight : [12.37, 17.13, 11.03, 9.57, 21.04, 18.36, 8.31, 23.76, 16.03, 11.46, 17.16, 13.66, 11.6, 23.75, 21.11, 19.71, 19.2, 20.88, 6.9, 11.74]
Sequence : [0, 0, 0, 0, 0, 0, 0, 0, 0, 0, 1, 2, 3, 4, 5, 6, 7, 8, 9, 10]
Emergency : [0, 0, 0, 0, 0, 0, 0, 0, 0, 0, 0, 0, 0, 0, 0, 0, 0, 0, 0, 0]
Time taken to solve the MIP model : 0.0046 seconds
---------------------------------
