Can't find feasible solution

Number of initial container : 10
Number of new container : 10
Total number of containers : 20
Level_num : 9
Container_level : [1, 4, 4, 7, 1, 7, 6, 7, 3, 3, 6, 1, 5, 5, 1, 9, 6, 4, 1, 2]
ideal_configuration : 
 [[4. 6. 0. 0. 0. 0.]
 [3. 5. 7. 0. 0. 0.]
 [1. 3. 5. 7. 0. 0.]
 [1. 1. 4. 6. 7. 0.]
 [1. 1. 2. 4. 6. 9.]]
Centroid : {1: (1.4, 0.8), 4: (2.6666666666666665, 1.6666666666666667), 7: (4.0, 2.0), 6: (3.6666666666666665, 1.6666666666666667), 3: (1.5, 2.5), 5: (2.5, 2.5), 9: (6.0, 0.0), 2: (3.0, 0.0)}
Repeat number : 3
Original weight : [8.43, 14.35, 14.17, 20.56, 7.91, 19.4, 18.18, 20.09, 12.91, 12.67, 17.76, 9.0, 15.59, 16.94, 8.36, 22.51, 18.17, 14.27, 8.12, 10.57]
Sequence : [0, 0, 0, 0, 0, 0, 0, 0, 0, 0, 1, 2, 3, 4, 5, 6, 7, 8, 9, 10]
Emergency : [0, 0, 0, 0, 0, 0, 0, 0, 0, 0, 0, 0, 0, 0, 0, 0, 0, 0, 0, 0]
Time taken to solve the MIP model : 0.0045 seconds
---------------------------------
