Can't find feasible solution

Number of initial container : 7
Number of new container : 13
Total number of containers : 20
Level_num : 9
Container_level : [3, 6, 1, 3, 4, 2, 6, 4, 4, 9, 5, 1, 6, 8, 8, 8, 7, 1, 4, 6]
ideal_configuration : 
 [[5. 7. 0. 0. 0. 0.]
 [4. 6. 8. 0. 0. 0.]
 [2. 4. 6. 8. 0. 0.]
 [1. 3. 4. 6. 8. 0.]
 [1. 1. 3. 4. 6. 9.]]
Centroid : {3: (2.5, 0.5), 6: (3.5, 1.5), 1: (1.3333333333333333, 0.3333333333333333), 4: (2.5, 1.5), 2: (1.0, 2.0), 9: (6.0, 0.0), 5: (1.0, 4.0), 8: (4.0, 2.0), 7: (2.0, 4.0)}
Repeat number : 16
Original weight : [11.5, 19.43, 6.77, 10.67, 12.63, 8.63, 18.87, 14.31, 13.28, 23.98, 16.96, 5.8, 18.74, 23.71, 22.27, 22.87, 20.81, 6.1, 13.58, 18.71]
Sequence : [0, 0, 0, 0, 0, 0, 0, 1, 2, 3, 4, 5, 6, 7, 8, 9, 10, 11, 12, 13]
Emergency : [0, 0, 0, 0, 0, 0, 0, 0, 0, 0, 0, 0, 0, 0, 0, 0, 0, 0, 0, 0]
Time taken to solve the MIP model : 0.0050 seconds
---------------------------------
