Can't find feasible solution

Number of initial container : 7
Number of new container : 13
Total number of containers : 20
Level_num : 9
Container_level : [2, 2, 5, 3, 9, 3, 2, 8, 5, 7, 3, 3, 1, 1, 3, 7, 6, 4, 6, 3]
ideal_configuration : 
 [[3. 6. 0. 0. 0. 0.]
 [3. 4. 7. 0. 0. 0.]
 [2. 3. 5. 7. 0. 0.]
 [1. 2. 3. 5. 8. 0.]
 [1. 2. 3. 3. 6. 9.]]
Centroid : {2: (1.6666666666666667, 1.0), 5: (3.5, 1.5), 3: (2.3333333333333335, 1.6666666666666667), 9: (6.0, 0.0), 8: (5.0, 1.0), 7: (3.5, 2.5), 1: (1.0, 0.5), 6: (3.5, 2.0), 4: (2.0, 3.0)}
Repeat number : 1
Original weight : [7.75, 8.5, 16.24, 10.81, 23.61, 11.57, 8.65, 23.04, 14.77, 21.24, 11.19, 12.16, 5.4, 6.67, 11.76, 19.81, 18.78, 14.13, 18.03, 11.23]
Sequence : [0, 0, 0, 0, 0, 0, 0, 1, 2, 3, 4, 5, 6, 7, 8, 9, 10, 11, 12, 13]
Emergency : [0, 0, 0, 0, 0, 0, 0, 0, 0, 0, 0, 0, 0, 0, 0, 0, 0, 0, 0, 0]
Time taken to solve the MIP model : 0.0055 seconds
---------------------------------
