Can't find feasible solution

Number of initial container : 7
Number of new container : 13
Total number of containers : 20
Level_num : 9
Container_level : [8, 9, 6, 3, 2, 4, 5, 2, 1, 6, 7, 6, 1, 6, 2, 4, 7, 1, 3, 4]
ideal_configuration : 
 [[4. 6. 0. 0. 0. 0.]
 [3. 5. 7. 0. 0. 0.]
 [2. 3. 6. 7. 0. 0.]
 [1. 2. 4. 6. 8. 0.]
 [1. 1. 2. 4. 6. 9.]]
Centroid : {8: (5.0, 1.0), 9: (6.0, 0.0), 6: (3.5, 1.75), 3: (1.5, 2.5), 2: (2.0, 1.0), 4: (2.6666666666666665, 1.6666666666666667), 5: (2.0, 3.0), 1: (1.3333333333333333, 0.3333333333333333), 7: (3.5, 2.5)}
Repeat number : 15
Original weight : [22.82, 23.77, 17.63, 9.94, 9.84, 14.23, 16.47, 8.21, 5.91, 18.53, 19.34, 18.63, 5.2, 17.07, 7.93, 13.22, 21.38, 5.42, 10.13, 12.9]
Sequence : [0, 0, 0, 0, 0, 0, 0, 1, 2, 3, 4, 5, 6, 7, 8, 9, 10, 11, 12, 13]
Emergency : [0, 0, 0, 0, 0, 0, 0, 0, 0, 0, 0, 0, 0, 0, 0, 0, 0, 0, 0, 0]
Time taken to solve the MIP model : 0.0050 seconds
---------------------------------
