Can't find feasible solution

Number of initial container : 7
Number of new container : 13
Total number of containers : 20
Level_num : 9
Container_level : [5, 1, 2, 8, 6, 9, 4, 2, 3, 1, 1, 3, 5, 8, 3, 4, 1, 1, 4, 2]
ideal_configuration : 
 [[3. 5. 0. 0. 0. 0.]
 [2. 4. 6. 0. 0. 0.]
 [1. 2. 4. 8. 0. 0.]
 [1. 1. 3. 4. 8. 0.]
 [1. 1. 2. 3. 5. 9.]]
Centroid : {5: (3.5, 2.0), 1: (1.4, 0.8), 2: (2.0, 1.6666666666666667), 8: (4.5, 1.5), 6: (3.0, 3.0), 9: (6.0, 0.0), 4: (3.0, 2.0), 3: (2.6666666666666665, 1.6666666666666667)}
Repeat number : 11
Original weight : [16.56, 8.06, 9.86, 21.87, 19.16, 23.9, 13.17, 8.49, 10.97, 5.85, 7.88, 11.66, 15.94, 21.87, 11.9, 14.26, 7.39, 6.6, 14.23, 10.34]
Sequence : [0, 0, 0, 0, 0, 0, 0, 1, 2, 3, 4, 5, 6, 7, 8, 9, 10, 11, 12, 13]
Emergency : [0, 0, 0, 0, 0, 0, 0, 0, 0, 0, 0, 0, 0, 0, 0, 0, 0, 0, 0, 0]
Time taken to solve the MIP model : 0.0040 seconds
---------------------------------
