Can't find feasible solution

Number of initial container : 7
Number of new container : 13
Total number of containers : 20
Level_num : 9
Container_level : [6, 7, 9, 5, 7, 4, 1, 5, 8, 5, 7, 6, 6, 1, 2, 5, 2, 4, 1, 3]
ideal_configuration : 
 [[5. 7. 0. 0. 0. 0.]
 [4. 5. 7. 0. 0. 0.]
 [2. 4. 6. 7. 0. 0.]
 [1. 2. 5. 6. 8. 0.]
 [1. 1. 3. 5. 6. 9.]]
Centroid : {6: (4.0, 1.0), 7: (3.0, 3.0), 9: (6.0, 0.0), 5: (2.5, 2.0), 4: (1.5, 2.5), 1: (1.3333333333333333, 0.3333333333333333), 8: (5.0, 1.0), 2: (1.5, 1.5), 3: (3.0, 0.0)}
Repeat number : 26
Original weight : [17.15, 19.22, 22.96, 15.9, 18.89, 12.34, 5.64, 15.38, 21.96, 14.97, 19.9, 16.94, 17.48, 5.1, 8.42, 14.44, 7.99, 12.85, 7.13, 9.72]
Sequence : [0, 0, 0, 0, 0, 0, 0, 1, 2, 3, 4, 5, 6, 7, 8, 9, 10, 11, 12, 13]
Emergency : [0, 0, 0, 0, 0, 0, 0, 0, 0, 0, 0, 0, 0, 0, 0, 0, 0, 0, 0, 0]
Time taken to solve the MIP model : 0.0045 seconds
---------------------------------
