Can't find feasible solution

Number of initial container : 10
Number of new container : 10
Total number of containers : 20
Level_num : 9
Container_level : [8, 2, 2, 6, 2, 3, 5, 5, 9, 3, 6, 5, 4, 1, 4, 7, 2, 1, 3, 6]
ideal_configuration : 
 [[4. 6. 0. 0. 0. 0.]
 [3. 5. 6. 0. 0. 0.]
 [2. 3. 5. 7. 0. 0.]
 [1. 2. 3. 5. 8. 0.]
 [1. 2. 2. 4. 6. 9.]]
Centroid : {8: (5.0, 1.0), 2: (2.0, 0.75), 6: (3.3333333333333335, 2.3333333333333335), 3: (2.0, 2.0), 5: (3.0, 2.0), 9: (6.0, 0.0), 4: (2.5, 2.0), 1: (1.0, 0.5), 7: (4.0, 2.0)}
Repeat number : 17
Original weight : [22.93, 9.69, 9.46, 17.83, 8.71, 11.3, 16.65, 14.71, 23.82, 10.28, 18.36, 15.64, 14.24, 5.07, 14.1, 19.42, 8.99, 6.82, 11.63, 18.67]
Sequence : [0, 0, 0, 0, 0, 0, 0, 0, 0, 0, 1, 2, 3, 4, 5, 6, 7, 8, 9, 10]
Emergency : [0, 0, 0, 0, 0, 0, 0, 0, 0, 0, 0, 0, 0, 0, 0, 0, 0, 0, 0, 0]
Time taken to solve the MIP model : 0.0040 seconds
---------------------------------
