Can't find feasible solution

Number of initial container : 10
Number of new container : 10
Total number of containers : 20
Level_num : 9
Container_level : [2, 5, 6, 8, 6, 4, 2, 4, 7, 8, 7, 1, 4, 7, 6, 5, 1, 9, 6, 1]
ideal_configuration : 
 [[6. 7. 0. 0. 0. 0.]
 [4. 6. 7. 0. 0. 0.]
 [2. 4. 6. 8. 0. 0.]
 [1. 2. 5. 6. 8. 0.]
 [1. 1. 4. 5. 7. 9.]]
Centroid : {2: (1.5, 1.5), 5: (3.5, 0.5), 6: (2.5, 2.5), 8: (4.5, 1.5), 4: (2.0, 1.6666666666666667), 7: (3.3333333333333335, 2.3333333333333335), 1: (1.3333333333333333, 0.3333333333333333), 9: (6.0, 0.0)}
Repeat number : 4
Original weight : [11.68, 17.17, 19.71, 23.1, 19.46, 15.01, 11.99, 14.35, 21.53, 23.22, 20.09, 10.38, 15.65, 20.33, 19.31, 17.02, 9.04, 23.42, 19.44, 8.62]
Sequence : [0, 0, 0, 0, 0, 0, 0, 0, 0, 0, 1, 2, 3, 4, 5, 6, 7, 8, 9, 10]
Emergency : [0, 0, 0, 0, 0, 0, 0, 0, 0, 0, 0, 0, 0, 0, 0, 0, 0, 0, 0, 0]
Time taken to solve the MIP model : 0.0083 seconds
---------------------------------
