Can't find feasible solution

Number of initial container : 10
Number of new container : 10
Total number of containers : 20
Level_num : 9
Container_level : [8, 1, 7, 3, 6, 4, 3, 6, 3, 8, 8, 9, 1, 2, 1, 5, 3, 8, 2, 3]
ideal_configuration : 
 [[4. 8. 0. 0. 0. 0.]
 [3. 5. 8. 0. 0. 0.]
 [2. 3. 6. 8. 0. 0.]
 [1. 2. 3. 6. 8. 0.]
 [1. 1. 3. 3. 7. 9.]]
Centroid : {8: (3.5, 2.5), 1: (1.3333333333333333, 0.3333333333333333), 7: (5.0, 0.0), 3: (2.6, 1.2), 6: (3.5, 1.5), 4: (1.0, 4.0), 9: (6.0, 0.0), 2: (1.5, 1.5), 5: (2.0, 3.0)}
Repeat number : 26
Original weight : [21.29, 5.61, 19.06, 11.43, 17.23, 13.29, 12.22, 17.19, 12.07, 22.13, 21.8, 23.49, 7.61, 8.56, 5.89, 14.58, 11.01, 23.34, 10.04, 10.94]
Sequence : [0, 0, 0, 0, 0, 0, 0, 0, 0, 0, 1, 2, 3, 4, 5, 6, 7, 8, 9, 10]
Emergency : [0, 0, 0, 0, 0, 0, 0, 0, 0, 0, 0, 0, 0, 0, 0, 0, 0, 0, 0, 0]
Time taken to solve the MIP model : 0.0208 seconds
---------------------------------
