Can't find feasible solution

Number of initial container : 5
Number of new container : 15
Total number of containers : 20
Level_num : 9
Container_level : [6, 3, 3, 3, 6, 1, 8, 6, 6, 3, 1, 1, 8, 8, 8, 3, 9, 1, 6, 8]
ideal_configuration : 
 [[6. 8. 0. 0. 0. 0.]
 [3. 6. 8. 0. 0. 0.]
 [1. 3. 6. 8. 0. 0.]
 [1. 3. 3. 6. 8. 0.]
 [1. 1. 3. 6. 8. 9.]]
Centroid : {6: (1.8, 2.0), 3: (1.2, 1.4), 1: (0.25, 0.75), 8: (2.8, 2.0), 9: (5.0, 0.0)}
Repeat number : 10
Original weight : [14.38, 16.87, 6.38, 6.94, 5.9, 20.11, 11.85, 8.76, 8.17, 22.21, 22.64, 17.24, 7.15, 11.17, 5.99, 7.27, 17.21, 17.43, 9.53, 15.48]
Group : [2, 1, 1, 1, 2, 0, 3, 2, 2, 1, 0, 0, 3, 3, 3, 1, 3, 0, 2, 3]
Sequence : [0, 0, 0, 0, 0, 1, 2, 3, 4, 5, 6, 7, 8, 9, 10, 11, 12, 13, 14, 15]
Scroe : [214.38, 116.87, 106.38, 106.94, 205.9, 20.11, 311.85, 208.76, 208.17, 122.21000000000001, 22.64, 17.24, 307.15, 311.17, 305.99, 107.27, 317.21, 17.43, 209.53, 315.48]
Time taken to solve the MIP model : 0.0028 seconds
---------------------------------
