Can't find feasible solution

Number of initial container : 5
Number of new container : 15
Total number of containers : 20
Level_num : 9
Container_level : [6, 6, 6, 6, 3, 3, 3, 9, 8, 3, 6, 1, 6, 8, 3, 3, 1, 6, 1, 6]
ideal_configuration : 
 [[6. 6. 0. 0. 0. 0.]
 [3. 6. 6. 0. 0. 0.]
 [3. 3. 6. 8. 0. 0.]
 [1. 3. 3. 6. 8. 0.]
 [1. 1. 3. 6. 6. 9.]]
Centroid : {6: (2.0, 2.125), 3: (1.0, 1.5), 9: (5.0, 0.0), 8: (3.5, 1.5), 1: (0.3333333333333333, 0.3333333333333333)}
Repeat number : 26
Original weight : [7.02, 15.95, 13.68, 17.3, 11.21, 17.21, 11.81, 16.59, 14.91, 10.47, 19.13, 20.41, 21.84, 8.45, 6.56, 23.53, 18.98, 6.35, 18.34, 17.85]
Group : [2, 2, 2, 2, 1, 1, 1, 3, 3, 1, 2, 0, 2, 3, 1, 1, 0, 2, 0, 2]
Sequence : [0, 0, 0, 0, 0, 1, 2, 3, 4, 5, 6, 7, 8, 9, 10, 11, 12, 13, 14, 15]
Scroe : [207.02, 215.95, 213.68, 217.3, 111.21000000000001, 117.21000000000001, 111.81, 316.59, 314.91, 110.47, 219.13, 20.41, 221.84, 308.45, 106.56, 123.53, 18.98, 206.35, 18.34, 217.85]
Time taken to solve the MIP model : 0.0000 seconds
---------------------------------
