Can't find feasible solution

Number of initial container : 5
Number of new container : 15
Total number of containers : 20
Level_num : 9
Container_level : [8, 8, 3, 1, 1, 3, 3, 6, 6, 3, 6, 3, 3, 6, 9, 1, 3, 6, 6, 6]
ideal_configuration : 
 [[6. 6. 0. 0. 0. 0.]
 [3. 6. 6. 0. 0. 0.]
 [3. 3. 6. 8. 0. 0.]
 [1. 3. 3. 6. 8. 0.]
 [1. 1. 3. 3. 6. 9.]]
Centroid : {8: (3.5, 1.5), 3: (1.2857142857142858, 1.2857142857142858), 1: (0.3333333333333333, 0.3333333333333333), 6: (1.8571428571428572, 2.4285714285714284), 9: (5.0, 0.0)}
Repeat number : 27
Original weight : [15.64, 16.93, 11.13, 7.94, 8.84, 19.86, 8.54, 12.97, 12.86, 23.99, 20.29, 21.63, 11.06, 23.04, 19.92, 11.3, 7.95, 17.62, 17.57, 12.34]
Group : [3, 3, 1, 0, 0, 1, 1, 2, 2, 1, 2, 1, 1, 2, 3, 0, 1, 2, 2, 2]
Sequence : [0, 0, 0, 0, 0, 1, 2, 3, 4, 5, 6, 7, 8, 9, 10, 11, 12, 13, 14, 15]
Scroe : [315.64, 316.93, 111.13, 7.94, 8.84, 119.86, 108.53999999999999, 212.97, 212.86, 123.99, 220.29, 121.63, 111.06, 223.04, 319.92, 11.3, 107.95, 217.62, 217.57, 212.34]
Time taken to solve the MIP model : 0.0000 seconds
---------------------------------
