Can't find feasible solution

Number of initial container : 5
Number of new container : 15
Total number of containers : 20
Level_num : 9
Container_level : [6, 8, 3, 6, 9, 3, 6, 1, 3, 3, 6, 3, 3, 6, 3, 8, 3, 1, 1, 6]
ideal_configuration : 
 [[3. 6. 0. 0. 0. 0.]
 [3. 6. 6. 0. 0. 0.]
 [3. 3. 6. 8. 0. 0.]
 [1. 3. 3. 6. 8. 0.]
 [1. 1. 3. 3. 6. 9.]]
Centroid : {6: (2.1666666666666665, 2.1666666666666665), 8: (3.5, 1.5), 3: (1.125, 1.625), 9: (5.0, 0.0), 1: (0.3333333333333333, 0.3333333333333333)}
Repeat number : 8
Original weight : [5.89, 12.39, 5.83, 19.2, 18.25, 15.49, 15.84, 11.95, 16.81, 5.1, 17.58, 11.26, 19.12, 8.47, 11.09, 8.38, 21.3, 21.93, 9.04, 12.59]
Group : [2, 3, 1, 2, 3, 1, 2, 0, 1, 1, 2, 1, 1, 2, 1, 3, 1, 0, 0, 2]
Sequence : [0, 0, 0, 0, 0, 1, 2, 3, 4, 5, 6, 7, 8, 9, 10, 11, 12, 13, 14, 15]
Scroe : [205.89, 312.39, 105.83, 219.2, 318.25, 115.49, 215.84, 11.95, 116.81, 105.1, 217.57999999999998, 111.26, 119.12, 208.47, 111.09, 308.38, 121.3, 21.93, 9.04, 212.59]
Time taken to solve the MIP model : 0.0000 seconds
---------------------------------
