Can't find feasible solution

Number of initial container : 7
Number of new container : 13
Total number of containers : 20
Level_num : 9
Container_level : [1, 8, 8, 6, 1, 6, 8, 8, 1, 9, 1, 3, 8, 6, 6, 8, 1, 8, 1, 3]
ideal_configuration : 
 [[6. 8. 0. 0. 0. 0.]
 [3. 6. 8. 0. 0. 0.]
 [1. 3. 8. 8. 0. 0.]
 [1. 1. 6. 8. 8. 0.]
 [1. 1. 1. 6. 8. 9.]]
Centroid : {1: (0.6666666666666666, 0.6666666666666666), 8: (2.7142857142857144, 1.8571428571428572), 6: (1.5, 2.0), 9: (5.0, 0.0), 3: (0.5, 2.5)}
Repeat number : 20
Original weight : [18.8, 6.21, 10.75, 14.34, 14.11, 23.34, 9.62, 15.3, 8.29, 23.23, 19.69, 9.94, 19.83, 10.13, 6.59, 14.28, 19.37, 11.52, 6.33, 17.11]
Group : [0, 3, 3, 2, 0, 2, 3, 3, 0, 3, 0, 1, 3, 2, 2, 3, 0, 3, 0, 1]
Sequence : [0, 0, 0, 0, 0, 0, 0, 1, 2, 3, 4, 5, 6, 7, 8, 9, 10, 11, 12, 13]
Scroe : [18.8, 306.21, 310.75, 214.34, 14.11, 223.34, 309.62, 315.3, 8.29, 323.23, 19.69, 109.94, 319.83, 210.13, 206.59, 314.28, 19.37, 311.52, 6.33, 117.11]
Time taken to solve the MIP model : 0.0000 seconds
---------------------------------
