Can't find feasible solution

Number of initial container : 7
Number of new container : 13
Total number of containers : 20
Level_num : 9
Container_level : [3, 9, 3, 8, 1, 6, 3, 1, 1, 1, 8, 3, 3, 1, 1, 3, 1, 6, 1, 8]
ideal_configuration : 
 [[3. 6. 0. 0. 0. 0.]
 [1. 3. 8. 0. 0. 0.]
 [1. 1. 3. 8. 0. 0.]
 [1. 1. 3. 3. 8. 0.]
 [1. 1. 1. 3. 6. 9.]]
Centroid : {3: (1.8333333333333333, 1.8333333333333333), 9: (5.0, 0.0), 8: (3.0, 2.0), 1: (0.625, 1.125), 6: (2.5, 2.0)}
Repeat number : 19
Original weight : [14.02, 17.47, 15.4, 14.65, 23.8, 21.11, 23.72, 10.04, 16.79, 21.88, 8.43, 22.35, 10.89, 23.26, 11.43, 20.47, 16.74, 9.34, 17.37, 6.66]
Group : [1, 3, 1, 3, 0, 2, 1, 0, 0, 0, 3, 1, 1, 0, 0, 1, 0, 2, 0, 3]
Sequence : [0, 0, 0, 0, 0, 0, 0, 1, 2, 3, 4, 5, 6, 7, 8, 9, 10, 11, 12, 13]
Scroe : [114.02, 317.47, 115.4, 314.65, 23.8, 221.11, 123.72, 10.04, 16.79, 21.88, 308.43, 122.35, 110.89, 23.26, 11.43, 120.47, 16.74, 209.34, 17.37, 306.66]
Time taken to solve the MIP model : 0.0166 seconds
---------------------------------
