Can't find feasible solution

Number of initial container : 5
Number of new container : 20
Total number of containers : 25
Level_num : 9
Container_level : [9, 2, 7, 8, 3, 7, 7, 8, 4, 5, 5, 2, 2, 5, 1, 6, 2, 4, 1, 6, 8, 5, 6, 6, 8]
ideal_configuration : 
 [[5. 6. 8. 9. 0. 0.]
 [3. 5. 6. 8. 0. 0.]
 [2. 4. 5. 7. 8. 0.]
 [1. 2. 4. 6. 7. 8.]
 [1. 2. 2. 5. 6. 7.]]
Centroid : {9: (4.0, 4.0), 2: (2.0, 0.75), 7: (5.0, 1.0), 8: (4.5, 2.5), 3: (1.0, 3.0), 4: (2.5, 1.5), 5: (2.5, 2.25), 1: (1.0, 0.5), 6: (3.5, 2.0)}
Repeat number : 2
Original weight : [23.26, 8.41, 19.56, 21.17, 11.2, 19.72, 19.7, 21.13, 14.19, 15.4, 15.27, 8.94, 8.88, 16.21, 6.4, 18.88, 9.42, 13.68, 6.01, 18.13, 22.96, 15.5, 17.29, 18.27, 22.69]
Sequence : [0, 0, 0, 0, 0, 1, 2, 3, 4, 5, 6, 7, 8, 9, 10, 11, 12, 13, 14, 15, 16, 17, 18, 19, 20]
Emergency : [0, 0, 0, 0, 0, 0, 0, 0, 0, 0, 0, 0, 0, 0, 0, 0, 0, 0, 0, 0, 0, 0, 0, 0, 0]
Time taken to solve the MIP model : 0.0571 seconds
---------------------------------
