Can't find feasible solution

Number of initial container : 5
Number of new container : 20
Total number of containers : 25
Level_num : 9
Container_level : [5, 4, 5, 1, 1, 4, 7, 6, 9, 8, 5, 1, 1, 5, 4, 8, 7, 7, 8, 2, 3, 4, 3, 7, 3]
ideal_configuration : 
 [[4. 5. 7. 9. 0. 0.]
 [3. 4. 6. 8. 0. 0.]
 [1. 3. 5. 7. 8. 0.]
 [1. 2. 4. 5. 7. 8.]
 [1. 1. 3. 4. 5. 7.]]
Centroid : {5: (3.5, 1.75), 4: (2.5, 2.0), 1: (1.25, 0.75), 7: (4.5, 1.75), 6: (3.0, 3.0), 9: (4.0, 4.0), 8: (5.0, 2.0), 2: (2.0, 1.0), 3: (2.0, 1.6666666666666667)}
Repeat number : 20
Original weight : [14.71, 13.94, 16.38, 5.61, 6.54, 14.04, 19.74, 18.22, 23.12, 21.2, 14.72, 5.59, 5.46, 16.04, 13.61, 21.83, 19.57, 19.91, 21.7, 9.6, 10.28, 13.58, 11.52, 19.08, 10.46]
Sequence : [0, 0, 0, 0, 0, 1, 2, 3, 4, 5, 6, 7, 8, 9, 10, 11, 12, 13, 14, 15, 16, 17, 18, 19, 20]
Emergency : [0, 0, 0, 0, 0, 0, 0, 0, 0, 0, 0, 0, 0, 0, 0, 0, 0, 0, 0, 0, 0, 0, 0, 0, 0]
Time taken to solve the MIP model : 0.0096 seconds
---------------------------------
