Can't find feasible solution

Number of initial container : 5
Number of new container : 20
Total number of containers : 25
Level_num : 9
Container_level : [5, 6, 5, 8, 3, 2, 3, 7, 2, 5, 1, 4, 9, 7, 1, 3, 1, 5, 3, 5, 8, 1, 6, 6, 5]
ideal_configuration : 
 [[4. 5. 7. 9. 0. 0.]
 [3. 5. 5. 7. 0. 0.]
 [1. 3. 5. 6. 8. 0.]
 [1. 2. 3. 5. 6. 8.]
 [1. 1. 2. 3. 5. 6.]]
Centroid : {5: (3.1666666666666665, 2.1666666666666665), 6: (5.0, 1.0), 8: (5.5, 1.5), 3: (2.5, 1.5), 2: (2.5, 0.5), 7: (3.5, 3.5), 1: (1.25, 0.75), 4: (1.0, 4.0), 9: (4.0, 4.0)}
Repeat number : 29
Original weight : [15.99, 18.74, 14.7, 23.66, 10.17, 8.99, 11.55, 19.45, 8.76, 14.85, 5.41, 12.41, 23.86, 20.33, 5.89, 12.0, 5.94, 16.81, 10.73, 15.39, 21.79, 5.2, 18.69, 17.1, 15.46]
Sequence : [0, 0, 0, 0, 0, 1, 2, 3, 4, 5, 6, 7, 8, 9, 10, 11, 12, 13, 14, 15, 16, 17, 18, 19, 20]
Emergency : [0, 0, 0, 0, 0, 0, 0, 0, 0, 0, 0, 0, 0, 0, 0, 0, 0, 0, 0, 0, 0, 0, 0, 0, 0]
Time taken to solve the MIP model : 0.0124 seconds
---------------------------------
