Can't find feasible solution

Number of initial container : 5
Number of new container : 20
Total number of containers : 25
Level_num : 9
Container_level : [5, 4, 9, 2, 1, 1, 2, 4, 7, 3, 3, 4, 4, 1, 2, 4, 8, 5, 6, 2, 5, 3, 3, 4, 2]
ideal_configuration : 
 [[3. 4. 5. 9. 0. 0.]
 [2. 3. 4. 6. 0. 0.]
 [2. 2. 4. 4. 7. 0.]
 [1. 2. 3. 4. 5. 8.]
 [1. 1. 2. 3. 4. 5.]]
Centroid : {5: (4.666666666666667, 1.6666666666666667), 4: (3.5, 2.0), 9: (4.0, 4.0), 2: (1.8, 1.6), 1: (1.3333333333333333, 0.3333333333333333), 7: (5.0, 2.0), 3: (2.5, 2.0), 8: (6.0, 1.0), 6: (4.0, 3.0)}
Repeat number : 9
Original weight : [15.91, 14.02, 23.17, 8.73, 5.98, 7.8, 8.58, 13.85, 18.99, 12.19, 12.28, 12.78, 13.78, 7.45, 8.45, 14.29, 22.41, 16.16, 16.79, 9.49, 14.83, 11.21, 12.11, 12.52, 9.08]
Sequence : [0, 0, 0, 0, 0, 1, 2, 3, 4, 5, 6, 7, 8, 9, 10, 11, 12, 13, 14, 15, 16, 17, 18, 19, 20]
Emergency : [0, 0, 0, 0, 0, 0, 0, 0, 0, 0, 0, 0, 0, 0, 0, 0, 0, 0, 0, 0, 0, 0, 0, 0, 0]
Time taken to solve the MIP model : 0.0094 seconds
---------------------------------
