Can't find feasible solution

Number of initial container : 5
Number of new container : 20
Total number of containers : 25
Level_num : 9
Container_level : [5, 4, 7, 5, 2, 5, 3, 4, 3, 4, 5, 8, 8, 9, 5, 1, 1, 7, 6, 3, 3, 5, 3, 1, 7]
ideal_configuration : 
 [[4. 5. 7. 9. 0. 0.]
 [3. 4. 5. 7. 0. 0.]
 [2. 3. 5. 5. 8. 0.]
 [1. 3. 3. 5. 6. 8.]
 [1. 1. 3. 4. 5. 7.]]
Centroid : {5: (3.5, 2.0), 4: (2.3333333333333335, 2.3333333333333335), 7: (4.333333333333333, 2.3333333333333335), 2: (1.0, 2.0), 3: (2.2, 1.4), 8: (5.5, 1.5), 9: (4.0, 4.0), 1: (1.3333333333333333, 0.3333333333333333), 6: (5.0, 1.0)}
Repeat number : 14
Original weight : [15.89, 13.91, 19.83, 16.63, 9.33, 16.8, 11.09, 13.08, 11.38, 14.07, 14.54, 22.62, 22.03, 23.84, 16.79, 5.78, 5.19, 21.12, 17.57, 9.97, 12.04, 16.81, 11.15, 6.75, 20.27]
Sequence : [0, 0, 0, 0, 0, 1, 2, 3, 4, 5, 6, 7, 8, 9, 10, 11, 12, 13, 14, 15, 16, 17, 18, 19, 20]
Emergency : [0, 0, 0, 0, 0, 0, 0, 0, 0, 0, 0, 0, 0, 0, 0, 0, 0, 0, 0, 0, 0, 0, 0, 0, 0]
Time taken to solve the MIP model : 0.0000 seconds
---------------------------------
