Can't find feasible solution

Number of initial container : 5
Number of new container : 20
Total number of containers : 25
Level_num : 9
Container_level : [7, 7, 7, 1, 3, 3, 7, 9, 7, 3, 4, 6, 8, 1, 4, 8, 5, 6, 1, 4, 4, 3, 2, 6, 3]
ideal_configuration : 
 [[4. 6. 7. 9. 0. 0.]
 [3. 4. 6. 7. 0. 0.]
 [2. 3. 4. 7. 8. 0.]
 [1. 3. 3. 5. 7. 8.]
 [1. 1. 3. 4. 6. 7.]]
Centroid : {7: (4.4, 2.0), 1: (1.3333333333333333, 0.3333333333333333), 3: (2.2, 1.4), 9: (4.0, 4.0), 4: (2.5, 2.25), 6: (3.3333333333333335, 2.3333333333333335), 8: (5.5, 1.5), 5: (4.0, 1.0), 2: (1.0, 2.0)}
Repeat number : 23
Original weight : [20.56, 20.92, 19.66, 6.47, 12.03, 10.72, 20.78, 23.13, 19.44, 11.88, 13.62, 17.66, 21.55, 5.5, 14.07, 21.99, 15.73, 18.71, 6.04, 12.48, 14.08, 10.1, 8.35, 18.34, 9.98]
Sequence : [0, 0, 0, 0, 0, 1, 2, 3, 4, 5, 6, 7, 8, 9, 10, 11, 12, 13, 14, 15, 16, 17, 18, 19, 20]
Emergency : [0, 0, 0, 0, 0, 0, 0, 0, 0, 0, 0, 0, 0, 0, 0, 0, 0, 0, 0, 0, 0, 0, 0, 0, 0]
Time taken to solve the MIP model : 0.0000 seconds
---------------------------------
