Can't find feasible solution

Number of initial container : 5
Number of new container : 20
Total number of containers : 25
Level_num : 9
Container_level : [1, 4, 8, 8, 7, 5, 5, 7, 7, 9, 2, 1, 4, 5, 7, 1, 3, 2, 1, 7, 7, 1, 5, 5, 1]
ideal_configuration : 
 [[4. 5. 7. 9. 0. 0.]
 [2. 5. 7. 7. 0. 0.]
 [1. 2. 5. 7. 8. 0.]
 [1. 1. 3. 5. 7. 8.]
 [1. 1. 1. 4. 5. 7.]]
Centroid : {1: (1.6666666666666667, 0.6666666666666666), 4: (2.5, 2.0), 8: (5.5, 1.5), 7: (4.166666666666667, 2.1666666666666665), 5: (3.2, 2.0), 9: (4.0, 4.0), 2: (1.5, 2.5), 3: (3.0, 1.0)}
Repeat number : 26
Original weight : [6.94, 13.14, 22.86, 21.68, 20.11, 15.33, 16.49, 19.55, 21.22, 23.67, 10.18, 6.16, 13.49, 15.46, 20.78, 6.86, 12.01, 8.12, 6.08, 19.6, 20.44, 5.72, 14.94, 15.41, 6.35]
Sequence : [0, 0, 0, 0, 0, 1, 2, 3, 4, 5, 6, 7, 8, 9, 10, 11, 12, 13, 14, 15, 16, 17, 18, 19, 20]
Emergency : [0, 0, 0, 0, 0, 0, 0, 0, 0, 0, 0, 0, 0, 0, 0, 0, 0, 0, 0, 0, 0, 0, 0, 0, 0]
Time taken to solve the MIP model : 0.0156 seconds
---------------------------------
