Can't find feasible solution

Number of initial container : 5
Number of new container : 20
Total number of containers : 25
Level_num : 9
Container_level : [7, 3, 9, 1, 7, 7, 6, 8, 5, 2, 5, 3, 2, 6, 1, 5, 6, 5, 4, 5, 4, 3, 1, 5, 2]
ideal_configuration : 
 [[4. 5. 7. 9. 0. 0.]
 [3. 5. 5. 7. 0. 0.]
 [2. 3. 5. 6. 7. 0.]
 [1. 2. 3. 5. 6. 8.]
 [1. 1. 2. 4. 5. 6.]]
Centroid : {7: (4.0, 3.0), 3: (2.0, 2.0), 9: (4.0, 4.0), 1: (1.3333333333333333, 0.3333333333333333), 6: (5.0, 1.0), 8: (6.0, 1.0), 5: (3.1666666666666665, 2.1666666666666665), 2: (2.0, 1.0), 4: (2.5, 2.0)}
Repeat number : 1
Original weight : [20.78, 12.15, 23.45, 6.13, 20.53, 19.8, 17.34, 21.33, 14.58, 9.59, 14.87, 11.45, 8.65, 17.67, 5.65, 14.71, 18.5, 16.33, 13.36, 16.6, 13.16, 10.29, 6.83, 15.81, 9.04]
Sequence : [0, 0, 0, 0, 0, 1, 2, 3, 4, 5, 6, 7, 8, 9, 10, 11, 12, 13, 14, 15, 16, 17, 18, 19, 20]
Emergency : [0, 0, 0, 0, 0, 0, 0, 0, 0, 0, 0, 0, 0, 0, 0, 0, 0, 0, 0, 0, 0, 0, 0, 0, 0]
Time taken to solve the MIP model : 0.0092 seconds
---------------------------------
