Can't find feasible solution

Number of initial container : 5
Number of new container : 20
Total number of containers : 25
Level_num : 9
Container_level : [8, 7, 2, 8, 1, 6, 2, 4, 2, 2, 8, 3, 2, 7, 7, 5, 5, 7, 9, 3, 5, 5, 1, 6, 2]
ideal_configuration : 
 [[4. 6. 7. 9. 0. 0.]
 [2. 5. 6. 8. 0. 0.]
 [2. 2. 5. 7. 8. 0.]
 [1. 2. 3. 5. 7. 8.]
 [1. 2. 2. 3. 5. 7.]]
Centroid : {8: (5.0, 2.0), 7: (4.5, 1.75), 2: (1.8333333333333333, 1.3333333333333333), 1: (1.0, 0.5), 6: (2.5, 3.5), 4: (1.0, 4.0), 3: (3.5, 0.5), 5: (3.5, 1.5), 9: (4.0, 4.0)}
Repeat number : 25
Original weight : [23.59, 19.52, 8.84, 23.62, 5.29, 18.01, 8.98, 12.23, 7.47, 9.26, 23.38, 11.44, 9.02, 20.12, 21.09, 15.08, 15.1, 19.49, 23.73, 10.11, 14.75, 14.83, 5.04, 17.26, 8.83]
Sequence : [0, 0, 0, 0, 0, 1, 2, 3, 4, 5, 6, 7, 8, 9, 10, 11, 12, 13, 14, 15, 16, 17, 18, 19, 20]
Emergency : [0, 0, 0, 0, 0, 0, 0, 0, 0, 0, 0, 0, 0, 0, 0, 0, 0, 0, 0, 0, 0, 0, 0, 0, 0]
Time taken to solve the MIP model : 0.0156 seconds
---------------------------------
