Can't find feasible solution

Number of initial container : 5
Number of new container : 20
Total number of containers : 25
Level_num : 9
Container_level : [2, 6, 4, 2, 7, 1, 1, 2, 5, 5, 4, 3, 2, 7, 1, 4, 7, 1, 6, 1, 8, 5, 1, 9, 2]
ideal_configuration : 
 [[2. 5. 7. 9. 0. 0.]
 [2. 3. 5. 7. 0. 0.]
 [1. 2. 4. 5. 7. 0.]
 [1. 1. 2. 4. 6. 8.]
 [1. 1. 1. 2. 4. 6.]]
Centroid : {2: (2.2, 2.0), 6: (5.5, 0.5), 4: (4.0, 1.0), 7: (4.0, 3.0), 1: (1.6666666666666667, 0.6666666666666666), 5: (3.0, 3.0), 3: (2.0, 3.0), 8: (6.0, 1.0), 9: (4.0, 4.0)}
Repeat number : 30
Original weight : [8.85, 18.24, 13.04, 9.25, 19.28, 6.88, 6.72, 8.03, 14.4, 15.92, 14.18, 10.08, 7.52, 20.24, 6.57, 12.85, 20.73, 7.07, 18.66, 5.43, 22.87, 16.32, 5.08, 23.65, 7.88]
Sequence : [0, 0, 0, 0, 0, 1, 2, 3, 4, 5, 6, 7, 8, 9, 10, 11, 12, 13, 14, 15, 16, 17, 18, 19, 20]
Emergency : [0, 0, 0, 0, 0, 0, 0, 0, 0, 0, 0, 0, 0, 0, 0, 0, 0, 0, 0, 0, 0, 0, 0, 0, 0]
Time taken to solve the MIP model : 0.0129 seconds
---------------------------------
