Can't find feasible solution

Number of initial container : 5
Number of new container : 20
Total number of containers : 25
Level_num : 9
Container_level : [1, 8, 8, 3, 6, 3, 8, 1, 6, 5, 4, 8, 3, 6, 4, 4, 7, 8, 4, 3, 5, 9, 2, 4, 5]
ideal_configuration : 
 [[4. 6. 8. 9. 0. 0.]
 [3. 4. 6. 8. 0. 0.]
 [3. 4. 5. 6. 8. 0.]
 [1. 3. 4. 5. 7. 8.]
 [1. 2. 3. 4. 5. 8.]]
Centroid : {1: (1.0, 0.5), 8: (4.8, 2.0), 3: (1.75, 1.5), 6: (3.0, 3.0), 5: (4.0, 1.0), 4: (2.4, 2.0), 7: (5.0, 1.0), 9: (4.0, 4.0), 2: (2.0, 0.0)}
Repeat number : 22
Original weight : [6.32, 23.35, 22.44, 11.27, 18.59, 10.92, 21.87, 5.05, 19.03, 16.2, 12.53, 23.59, 10.27, 18.74, 12.5, 14.1, 21.09, 22.36, 12.63, 11.29, 15.36, 24.0, 9.26, 12.29, 15.56]
Sequence : [0, 0, 0, 0, 0, 1, 2, 3, 4, 5, 6, 7, 8, 9, 10, 11, 12, 13, 14, 15, 16, 17, 18, 19, 20]
Emergency : [0, 0, 0, 0, 0, 0, 0, 0, 0, 0, 0, 0, 0, 0, 0, 0, 0, 0, 0, 0, 0, 0, 0, 0, 0]
Time taken to solve the MIP model : 0.0000 seconds
---------------------------------
