Can't find feasible solution

Number of initial container : 5
Number of new container : 20
Total number of containers : 25
Level_num : 9
Container_level : [8, 5, 8, 3, 9, 1, 3, 1, 2, 2, 8, 6, 2, 3, 8, 2, 5, 6, 3, 2, 6, 3, 1, 6, 2]
ideal_configuration : 
 [[3. 5. 8. 9. 0. 0.]
 [2. 3. 6. 8. 0. 0.]
 [2. 2. 3. 6. 8. 0.]
 [1. 2. 2. 3. 6. 8.]
 [1. 1. 2. 3. 5. 6.]]
Centroid : {8: (4.5, 2.5), 5: (3.5, 2.0), 3: (2.8, 2.0), 9: (4.0, 4.0), 1: (1.3333333333333333, 0.3333333333333333), 2: (2.0, 1.5), 6: (4.5, 1.5)}
Repeat number : 18
Original weight : [22.14, 16.21, 22.85, 11.64, 23.65, 7.48, 12.04, 5.5, 9.8, 9.14, 22.23, 16.99, 9.64, 10.59, 22.77, 8.73, 15.47, 17.72, 12.24, 8.14, 17.55, 10.96, 7.04, 18.46, 8.07]
Sequence : [0, 0, 0, 0, 0, 1, 2, 3, 4, 5, 6, 7, 8, 9, 10, 11, 12, 13, 14, 15, 16, 17, 18, 19, 20]
Emergency : [0, 0, 0, 0, 0, 0, 0, 0, 0, 0, 0, 0, 0, 0, 0, 0, 0, 0, 0, 0, 0, 0, 0, 0, 0]
Time taken to solve the MIP model : 0.0090 seconds
---------------------------------
