Can't find feasible solution

Number of initial container : 5
Number of new container : 20
Total number of containers : 25
Level_num : 9
Container_level : [5, 6, 4, 1, 3, 2, 8, 1, 4, 1, 4, 1, 2, 7, 3, 9, 2, 3, 1, 5, 2, 8, 7, 3, 1]
ideal_configuration : 
 [[3. 4. 7. 9. 0. 0.]
 [2. 3. 4. 7. 0. 0.]
 [1. 2. 3. 5. 8. 0.]
 [1. 1. 2. 3. 5. 8.]
 [1. 1. 1. 2. 4. 6.]]
Centroid : {5: (4.5, 1.5), 6: (6.0, 0.0), 4: (3.3333333333333335, 2.3333333333333335), 1: (1.6666666666666667, 0.6666666666666666), 3: (2.5, 2.5), 2: (2.5, 1.5), 8: (5.5, 1.5), 7: (3.5, 3.5), 9: (4.0, 4.0)}
Repeat number : 19
Original weight : [15.61, 18.31, 14.39, 7.2, 12.29, 8.91, 23.12, 8.31, 13.53, 6.36, 13.55, 8.35, 9.2, 19.85, 12.63, 23.83, 8.68, 11.75, 8.3, 15.85, 9.3, 21.96, 20.86, 12.7, 8.08]
Sequence : [0, 0, 0, 0, 0, 1, 2, 3, 4, 5, 6, 7, 8, 9, 10, 11, 12, 13, 14, 15, 16, 17, 18, 19, 20]
Emergency : [0, 0, 0, 0, 0, 0, 0, 0, 0, 0, 0, 0, 0, 0, 0, 0, 0, 0, 0, 0, 0, 0, 0, 0, 0]
Time taken to solve the MIP model : 0.0082 seconds
---------------------------------
