Can't find feasible solution

Number of initial container : 5
Number of new container : 20
Total number of containers : 25
Level_num : 9
Container_level : [2, 9, 2, 7, 7, 2, 6, 7, 7, 5, 5, 7, 6, 5, 6, 7, 3, 3, 1, 6, 5, 7, 5, 5, 8]
ideal_configuration : 
 [[5. 6. 7. 9. 0. 0.]
 [5. 5. 7. 7. 0. 0.]
 [2. 5. 6. 7. 7. 0.]
 [2. 3. 5. 6. 7. 8.]
 [1. 2. 3. 5. 6. 7.]]
Centroid : {2: (1.3333333333333333, 1.0), 9: (4.0, 4.0), 7: (4.285714285714286, 2.142857142857143), 6: (3.5, 1.75), 5: (2.1666666666666665, 2.1666666666666665), 3: (2.5, 0.5), 1: (1.0, 0.0), 8: (6.0, 1.0)}
Repeat number : 17
Original weight : [9.21, 23.87, 8.74, 21.31, 20.64, 8.88, 18.22, 20.7, 20.7, 16.06, 14.73, 20.14, 19.02, 14.59, 18.23, 21.32, 10.05, 10.34, 5.2, 17.88, 14.84, 20.39, 15.83, 16.53, 21.73]
Sequence : [0, 0, 0, 0, 0, 1, 2, 3, 4, 5, 6, 7, 8, 9, 10, 11, 12, 13, 14, 15, 16, 17, 18, 19, 20]
Emergency : [0, 0, 0, 0, 0, 0, 0, 0, 0, 0, 0, 0, 0, 0, 0, 0, 0, 0, 0, 0, 0, 0, 0, 0, 0]
Time taken to solve the MIP model : 0.0204 seconds
---------------------------------
