Can't find feasible solution

Number of initial container : 5
Number of new container : 20
Total number of containers : 25
Level_num : 9
Container_level : [4, 2, 4, 7, 1, 4, 7, 8, 3, 7, 5, 2, 8, 4, 7, 6, 4, 4, 2, 6, 6, 4, 7, 4, 7]
ideal_configuration : 
 [[4. 6. 7. 8. 0. 0.]
 [4. 4. 6. 7. 0. 0.]
 [2. 4. 4. 7. 7. 0.]
 [2. 3. 4. 5. 7. 8.]
 [1. 2. 4. 4. 6. 7.]]
Centroid : {4: (2.375, 1.875), 2: (1.3333333333333333, 1.0), 7: (4.5, 2.0), 1: (1.0, 0.0), 8: (5.0, 2.5), 3: (2.0, 1.0), 5: (4.0, 1.0), 6: (3.3333333333333335, 2.3333333333333335)}
Repeat number : 4
Original weight : [14.33, 9.86, 14.19, 21.2, 7.1, 15.13, 21.05, 23.16, 11.58, 19.94, 15.34, 10.07, 23.31, 13.84, 20.93, 19.13, 13.52, 13.22, 10.28, 18.07, 18.81, 13.35, 20.68, 14.96, 20.13]
Sequence : [0, 0, 0, 0, 0, 1, 2, 3, 4, 5, 6, 7, 8, 9, 10, 11, 12, 13, 14, 15, 16, 17, 18, 19, 20]
Emergency : [0, 0, 0, 0, 0, 0, 0, 0, 0, 0, 0, 0, 0, 0, 0, 0, 0, 0, 0, 0, 0, 0, 0, 0, 0]
Time taken to solve the MIP model : 0.0079 seconds
---------------------------------
