Can't find feasible solution

Number of initial container : 7
Number of new container : 13
Total number of containers : 20
Level_num : 9
Container_level : [6, 3, 3, 3, 8, 8, 1, 1, 1, 3, 3, 1, 6, 3, 3, 8, 9, 3, 8, 1]
ideal_configuration : 
 [[3. 8. 0. 0. 0. 0.]
 [3. 3. 8. 0. 0. 0.]
 [1. 3. 3. 8. 0. 0.]
 [1. 1. 3. 6. 8. 0.]
 [1. 1. 3. 3. 6. 9.]]
Centroid : {6: (3.5, 0.5), 3: (1.375, 1.875), 8: (2.5, 2.5), 1: (0.4, 0.8), 9: (5.0, 0.0)}
Repeat number : 17
Original weight : [19.53, 18.73, 6.13, 7.26, 6.13, 7.57, 6.58, 9.37, 19.19, 6.45, 10.5, 13.83, 17.04, 23.46, 14.22, 18.37, 20.3, 13.79, 13.87, 5.48]
Group : [2, 1, 1, 1, 3, 3, 0, 0, 0, 1, 1, 0, 2, 1, 1, 3, 3, 1, 3, 0]
Sequence : [0, 0, 0, 0, 0, 0, 0, 1, 2, 3, 4, 5, 6, 7, 8, 9, 10, 11, 12, 13]
Scroe : [219.53, 118.73, 106.13, 107.26, 306.13, 307.57, 6.58, 9.37, 19.19, 106.45, 110.5, 13.83, 217.04, 123.46000000000001, 114.22, 318.37, 320.3, 113.78999999999999, 313.87, 5.48]
Time taken to solve the MIP model : 0.0010 seconds
---------------------------------
