Can't find feasible solution

Number of initial container : 7
Number of new container : 13
Total number of containers : 20
Level_num : 9
Container_level : [3, 1, 1, 9, 6, 6, 8, 8, 8, 3, 8, 6, 6, 8, 6, 3, 1, 6, 3, 6]
ideal_configuration : 
 [[6. 8. 0. 0. 0. 0.]
 [3. 6. 8. 0. 0. 0.]
 [3. 6. 6. 8. 0. 0.]
 [1. 3. 6. 6. 8. 0.]
 [1. 1. 3. 6. 8. 9.]]
Centroid : {3: (0.75, 1.5), 1: (0.3333333333333333, 0.3333333333333333), 9: (5.0, 0.0), 6: (1.7142857142857142, 1.8571428571428572), 8: (2.8, 2.0)}
Repeat number : 3
Original weight : [18.53, 6.64, 21.96, 17.13, 5.32, 7.93, 10.02, 8.44, 9.41, 11.51, 13.5, 22.75, 11.08, 13.55, 8.54, 13.17, 5.72, 17.96, 8.48, 22.13]
Group : [1, 0, 0, 3, 2, 2, 3, 3, 3, 1, 3, 2, 2, 3, 2, 1, 0, 2, 1, 2]
Sequence : [0, 0, 0, 0, 0, 0, 0, 1, 2, 3, 4, 5, 6, 7, 8, 9, 10, 11, 12, 13]
Scroe : [118.53, 6.64, 21.96, 317.13, 205.32, 207.93, 310.02, 308.44, 309.41, 111.51, 313.5, 222.75, 211.08, 313.55, 208.54, 113.17, 5.72, 217.96, 108.48, 222.13]
Time taken to solve the MIP model : 0.0000 seconds
---------------------------------
