Can't find feasible solution

Number of initial container : 7
Number of new container : 13
Total number of containers : 20
Level_num : 9
Container_level : [6, 1, 9, 3, 6, 1, 6, 6, 1, 8, 1, 8, 8, 3, 8, 6, 8, 8, 1, 3]
ideal_configuration : 
 [[6. 8. 0. 0. 0. 0.]
 [3. 6. 8. 0. 0. 0.]
 [1. 3. 6. 8. 0. 0.]
 [1. 1. 6. 8. 8. 0.]
 [1. 1. 3. 6. 8. 9.]]
Centroid : {6: (1.6, 2.0), 1: (0.4, 0.8), 9: (5.0, 0.0), 3: (1.0, 1.6666666666666667), 8: (2.8333333333333335, 1.8333333333333333)}
Repeat number : 13
Original weight : [11.11, 5.25, 19.75, 17.21, 18.82, 8.83, 8.72, 14.94, 13.39, 18.17, 22.54, 8.67, 8.66, 11.14, 18.71, 18.58, 16.66, 18.39, 13.98, 17.77]
Group : [2, 0, 3, 1, 2, 0, 2, 2, 0, 3, 0, 3, 3, 1, 3, 2, 3, 3, 0, 1]
Sequence : [0, 0, 0, 0, 0, 0, 0, 1, 2, 3, 4, 5, 6, 7, 8, 9, 10, 11, 12, 13]
Scroe : [211.11, 5.25, 319.75, 117.21000000000001, 218.82, 8.83, 208.72, 214.94, 13.39, 318.17, 22.54, 308.67, 308.66, 111.14, 318.71, 218.57999999999998, 316.66, 318.39, 13.98, 117.77]
Time taken to solve the MIP model : 0.0150 seconds
---------------------------------
