Can't find feasible solution

Number of initial container : 7
Number of new container : 13
Total number of containers : 20
Level_num : 9
Container_level : [8, 9, 8, 3, 3, 8, 6, 6, 3, 8, 3, 3, 6, 5, 1, 6, 6, 3, 1, 6]
ideal_configuration : 
 [[6. 8. 0. 0. 0. 0.]
 [3. 6. 8. 0. 0. 0.]
 [3. 3. 6. 8. 0. 0.]
 [1. 3. 5. 6. 8. 0.]
 [1. 3. 3. 6. 6. 9.]]
Centroid : {8: (2.5, 2.5), 9: (5.0, 0.0), 3: (0.8333333333333334, 1.3333333333333333), 6: (2.1666666666666665, 1.6666666666666667), 5: (2.0, 1.0), 1: (0.0, 0.5)}
Repeat number : 11
Original weight : [12.03, 23.95, 7.43, 20.56, 5.71, 18.55, 22.22, 13.0, 15.58, 14.85, 22.48, 7.18, 19.07, 5.03, 7.61, 10.8, 16.64, 16.97, 11.78, 6.62]
Group : [3, 3, 3, 1, 1, 3, 2, 2, 1, 3, 1, 1, 2, 2, 0, 2, 2, 1, 0, 2]
Sequence : [0, 0, 0, 0, 0, 0, 0, 1, 2, 3, 4, 5, 6, 7, 8, 9, 10, 11, 12, 13]
Scroe : [312.03, 323.95, 307.43, 120.56, 105.71, 318.55, 222.22, 213.0, 115.58, 314.85, 122.48, 107.18, 219.07, 205.03, 7.61, 210.8, 216.64, 116.97, 11.78, 206.62]
Time taken to solve the MIP model : 0.0000 seconds
---------------------------------
