Can't find feasible solution

Number of initial container : 7
Number of new container : 13
Total number of containers : 20
Level_num : 9
Container_level : [3, 8, 6, 6, 1, 9, 3, 3, 3, 3, 3, 8, 8, 1, 6, 8, 1, 6, 8, 3]
ideal_configuration : 
 [[6. 8. 0. 0. 0. 0.]
 [3. 6. 8. 0. 0. 0.]
 [3. 3. 6. 8. 0. 0.]
 [1. 3. 3. 6. 8. 0.]
 [1. 1. 3. 3. 8. 9.]]
Centroid : {3: (1.2857142857142858, 1.2857142857142858), 8: (2.8, 2.0), 6: (1.5, 2.5), 1: (0.3333333333333333, 0.3333333333333333), 9: (5.0, 0.0)}
Repeat number : 7
Original weight : [11.95, 7.31, 12.3, 12.78, 20.1, 17.89, 8.22, 23.8, 22.34, 11.68, 5.28, 9.04, 6.98, 20.73, 16.38, 15.0, 14.88, 12.31, 6.99, 8.3]
Group : [1, 3, 2, 2, 0, 3, 1, 1, 1, 1, 1, 3, 3, 0, 2, 3, 0, 2, 3, 1]
Sequence : [0, 0, 0, 0, 0, 0, 0, 1, 2, 3, 4, 5, 6, 7, 8, 9, 10, 11, 12, 13]
Scroe : [111.95, 307.31, 212.3, 212.78, 20.1, 317.89, 108.22, 123.8, 122.34, 111.68, 105.28, 309.04, 306.98, 20.73, 216.38, 315.0, 14.88, 212.31, 306.99, 108.3]
Time taken to solve the MIP model : 0.0000 seconds
---------------------------------
