Can't find feasible solution

Number of initial container : 7
Number of new container : 13
Total number of containers : 20
Level_num : 9
Container_level : [1, 8, 3, 9, 6, 1, 6, 3, 1, 8, 8, 8, 1, 6, 3, 8, 3, 4, 3, 1]
ideal_configuration : 
 [[4. 8. 0. 0. 0. 0.]
 [3. 6. 8. 0. 0. 0.]
 [1. 3. 6. 8. 0. 0.]
 [1. 1. 3. 6. 8. 0.]
 [1. 1. 3. 3. 8. 9.]]
Centroid : {1: (0.4, 0.8), 8: (2.8, 2.0), 3: (1.6, 1.2), 9: (5.0, 0.0), 6: (2.0, 2.0), 4: (0.0, 4.0)}
Repeat number : 9
Original weight : [10.12, 7.66, 5.36, 17.45, 10.13, 11.74, 16.01, 21.19, 14.99, 14.34, 9.67, 11.88, 9.91, 8.04, 21.85, 11.61, 16.81, 23.75, 8.59, 5.79]
Group : [0, 3, 1, 3, 2, 0, 2, 1, 0, 3, 3, 3, 0, 2, 1, 3, 1, 1, 1, 0]
Sequence : [0, 0, 0, 0, 0, 0, 0, 1, 2, 3, 4, 5, 6, 7, 8, 9, 10, 11, 12, 13]
Scroe : [10.12, 307.66, 105.36, 317.45, 210.13, 11.74, 216.01, 121.19, 14.99, 314.34, 309.67, 311.88, 9.91, 208.04, 121.85, 311.61, 116.81, 123.75, 108.59, 5.79]
Time taken to solve the MIP model : 0.0000 seconds
---------------------------------
