Can't find feasible solution

Number of initial container : 7
Number of new container : 18
Total number of containers : 25
Level_num : 9
Container_level : [6, 7, 8, 1, 6, 2, 6, 6, 4, 3, 1, 2, 7, 6, 3, 5, 3, 9, 6, 1, 3, 6, 3, 3, 5]
ideal_configuration : 
 [[3. 6. 6. 9. 0. 0.]
 [3. 4. 6. 7. 0. 0.]
 [2. 3. 5. 6. 7. 0.]
 [1. 2. 3. 5. 6. 8.]
 [1. 1. 3. 3. 6. 6.]]
Centroid : {6: (4.0, 2.0), 7: (4.5, 2.5), 8: (6.0, 1.0), 1: (1.3333333333333333, 0.3333333333333333), 2: (1.5, 1.5), 4: (2.0, 3.0), 3: (2.3333333333333335, 1.6666666666666667), 5: (3.5, 1.5), 9: (4.0, 4.0)}
Repeat number : 7
Original weight : [17.38, 19.29, 22.89, 5.07, 16.88, 7.87, 17.46, 16.91, 11.84, 10.51, 6.47, 8.85, 20.26, 16.51, 9.99, 15.3, 11.31, 22.96, 17.55, 6.7, 10.32, 18.12, 10.96, 11.06, 15.97]
Sequence : [0, 0, 0, 0, 0, 0, 0, 1, 2, 3, 4, 5, 6, 7, 8, 9, 10, 11, 12, 13, 14, 15, 16, 17, 18]
Emergency : [0, 0, 0, 0, 0, 0, 0, 0, 0, 0, 0, 0, 0, 0, 0, 0, 0, 0, 0, 0, 0, 0, 0, 0, 0]
Time taken to solve the MIP model : 0.0000 seconds
---------------------------------
