Can't find feasible solution

Number of initial container : 7
Number of new container : 18
Total number of containers : 25
Level_num : 9
Container_level : [1, 5, 1, 2, 1, 4, 3, 1, 6, 6, 9, 2, 3, 6, 3, 1, 4, 1, 2, 6, 2, 8, 7, 7, 1]
ideal_configuration : 
 [[2. 4. 6. 9. 0. 0.]
 [1. 3. 5. 7. 0. 0.]
 [1. 2. 3. 6. 7. 0.]
 [1. 1. 2. 3. 6. 8.]
 [1. 1. 1. 2. 4. 6.]]
Centroid : {1: (1.5714285714285714, 1.0), 5: (3.0, 3.0), 2: (2.5, 1.75), 4: (3.5, 2.0), 3: (3.0, 2.0), 6: (4.5, 1.75), 9: (4.0, 4.0), 8: (6.0, 1.0), 7: (4.5, 2.5)}
Repeat number : 27
Original weight : [7.89, 16.78, 8.37, 8.69, 7.71, 14.55, 12.79, 6.71, 17.94, 18.8, 23.81, 8.86, 11.0, 17.92, 11.79, 7.79, 13.09, 6.51, 8.69, 17.81, 9.28, 23.75, 20.15, 21.45, 7.47]
Sequence : [0, 0, 0, 0, 0, 0, 0, 1, 2, 3, 4, 5, 6, 7, 8, 9, 10, 11, 12, 13, 14, 15, 16, 17, 18]
Emergency : [0, 0, 0, 0, 0, 0, 0, 0, 0, 0, 0, 0, 0, 0, 0, 0, 0, 0, 0, 0, 0, 0, 0, 0, 0]
Time taken to solve the MIP model : 0.0191 seconds
---------------------------------
