Can't find feasible solution

Number of initial container : 7
Number of new container : 18
Total number of containers : 25
Level_num : 9
Container_level : [4, 6, 2, 6, 8, 4, 6, 3, 6, 3, 3, 5, 4, 3, 2, 4, 1, 4, 1, 9, 3, 6, 6, 4, 8]
ideal_configuration : 
 [[4. 5. 6. 9. 0. 0.]
 [3. 4. 6. 6. 0. 0.]
 [2. 3. 4. 6. 8. 0.]
 [1. 3. 3. 4. 6. 8.]
 [1. 2. 3. 4. 4. 6.]]
Centroid : {4: (3.1666666666666665, 1.6666666666666667), 6: (4.166666666666667, 2.1666666666666665), 2: (1.5, 1.0), 8: (5.5, 1.5), 3: (2.2, 1.4), 5: (2.0, 4.0), 1: (1.0, 0.5), 9: (4.0, 4.0)}
Repeat number : 22
Original weight : [12.38, 17.79, 8.42, 17.37, 22.05, 12.56, 18.15, 10.58, 18.05, 12.2, 10.61, 15.59, 13.69, 12.11, 9.45, 13.58, 6.18, 13.84, 5.32, 23.78, 10.68, 17.31, 18.51, 13.12, 22.43]
Sequence : [0, 0, 0, 0, 0, 0, 0, 1, 2, 3, 4, 5, 6, 7, 8, 9, 10, 11, 12, 13, 14, 15, 16, 17, 18]
Emergency : [0, 0, 0, 0, 0, 0, 0, 0, 0, 0, 0, 0, 0, 0, 0, 0, 0, 0, 0, 0, 0, 0, 0, 0, 0]
Time taken to solve the MIP model : 0.0086 seconds
---------------------------------
