Can't find feasible solution

Number of initial container : 7
Number of new container : 18
Total number of containers : 25
Level_num : 9
Container_level : [5, 5, 5, 4, 6, 1, 5, 3, 6, 8, 6, 7, 7, 3, 1, 2, 7, 1, 7, 5, 9, 4, 5, 6, 6]
ideal_configuration : 
 [[5. 6. 7. 9. 0. 0.]
 [4. 5. 6. 7. 0. 0.]
 [2. 4. 5. 6. 7. 0.]
 [1. 3. 5. 5. 6. 8.]
 [1. 1. 3. 5. 6. 7.]]
Centroid : {5: (2.8333333333333335, 1.8333333333333333), 4: (1.5, 2.5), 6: (3.8, 2.0), 1: (1.3333333333333333, 0.3333333333333333), 3: (2.5, 0.5), 8: (6.0, 1.0), 7: (4.5, 2.25), 2: (1.0, 2.0), 9: (4.0, 4.0)}
Repeat number : 12
Original weight : [15.98, 15.99, 16.48, 14.51, 19.11, 8.2, 15.5, 12.39, 19.33, 23.5, 19.17, 21.11, 20.71, 11.01, 6.93, 9.99, 21.25, 6.53, 21.08, 16.52, 23.69, 13.01, 16.4, 19.18, 18.81]
Sequence : [0, 0, 0, 0, 0, 0, 0, 1, 2, 3, 4, 5, 6, 7, 8, 9, 10, 11, 12, 13, 14, 15, 16, 17, 18]
Emergency : [0, 0, 0, 0, 0, 0, 0, 0, 0, 0, 0, 0, 0, 0, 0, 0, 0, 0, 0, 0, 0, 0, 0, 0, 0]
Time taken to solve the MIP model : 0.0101 seconds
---------------------------------
