Can't find feasible solution

Number of initial container : 7
Number of new container : 18
Total number of containers : 25
Level_num : 9
Container_level : [1, 5, 8, 1, 7, 5, 9, 1, 3, 8, 5, 2, 7, 6, 2, 7, 1, 3, 4, 2, 6, 5, 2, 3, 1]
ideal_configuration : 
 [[3. 5. 7. 9. 0. 0.]
 [2. 3. 5. 7. 0. 0.]
 [1. 2. 4. 6. 8. 0.]
 [1. 1. 2. 5. 6. 8.]
 [1. 1. 2. 3. 5. 7.]]
Centroid : {1: (1.4, 0.8), 5: (3.5, 2.0), 8: (5.5, 1.5), 7: (4.333333333333333, 2.3333333333333335), 9: (4.0, 4.0), 3: (2.3333333333333335, 2.3333333333333335), 2: (2.25, 1.5), 6: (4.5, 1.5), 4: (3.0, 2.0)}
Repeat number : 28
Original weight : [6.75, 15.46, 21.61, 6.63, 20.89, 14.96, 23.85, 5.62, 11.69, 22.76, 15.62, 8.66, 21.4, 18.16, 7.82, 20.41, 7.59, 10.31, 13.56, 9.41, 17.48, 15.09, 8.84, 10.72, 5.4]
Sequence : [0, 0, 0, 0, 0, 0, 0, 1, 2, 3, 4, 5, 6, 7, 8, 9, 10, 11, 12, 13, 14, 15, 16, 17, 18]
Emergency : [0, 0, 0, 0, 0, 0, 0, 0, 0, 0, 0, 0, 0, 0, 0, 0, 0, 0, 0, 0, 0, 0, 0, 0, 0]
Time taken to solve the MIP model : 0.0025 seconds
---------------------------------
