Can't find feasible solution

Number of initial container : 7
Number of new container : 18
Total number of containers : 25
Level_num : 9
Container_level : [6, 7, 6, 6, 4, 6, 2, 1, 9, 6, 1, 1, 8, 7, 1, 2, 7, 1, 4, 3, 2, 1, 2, 7, 1]
ideal_configuration : 
 [[2. 6. 7. 9. 0. 0.]
 [1. 3. 6. 7. 0. 0.]
 [1. 2. 4. 6. 7. 0.]
 [1. 1. 2. 4. 6. 8.]
 [1. 1. 1. 2. 6. 7.]]
Centroid : {6: (3.8, 2.0), 7: (4.5, 2.25), 4: (3.5, 1.5), 2: (2.5, 1.75), 1: (1.5714285714285714, 1.0), 9: (4.0, 4.0), 8: (6.0, 1.0), 3: (2.0, 3.0)}
Repeat number : 18
Original weight : [18.17, 21.46, 18.66, 18.74, 14.88, 18.79, 9.14, 7.74, 23.7, 18.17, 7.71, 7.67, 21.85, 20.14, 8.23, 10.66, 19.94, 8.49, 15.18, 12.93, 9.93, 7.73, 9.54, 20.79, 6.89]
Sequence : [0, 0, 0, 0, 0, 0, 0, 1, 2, 3, 4, 5, 6, 7, 8, 9, 10, 11, 12, 13, 14, 15, 16, 17, 18]
Emergency : [0, 0, 0, 0, 0, 0, 0, 0, 0, 0, 0, 0, 0, 0, 0, 0, 0, 0, 0, 0, 0, 0, 0, 0, 0]
Time taken to solve the MIP model : 0.0078 seconds
---------------------------------
