Can't find feasible solution

Number of initial container : 7
Number of new container : 18
Total number of containers : 25
Level_num : 9
Container_level : [1, 3, 6, 6, 3, 5, 3, 2, 3, 4, 3, 4, 4, 6, 6, 5, 4, 9, 5, 1, 2, 2, 1, 3, 4]
ideal_configuration : 
 [[3. 4. 6. 9. 0. 0.]
 [3. 3. 4. 6. 0. 0.]
 [2. 3. 4. 5. 6. 0.]
 [1. 2. 3. 4. 5. 6.]
 [1. 1. 2. 3. 4. 5.]]
Centroid : {1: (1.3333333333333333, 0.3333333333333333), 3: (2.1666666666666665, 2.1666666666666665), 6: (4.5, 2.5), 5: (5.0, 1.0), 2: (2.0, 1.0), 4: (3.4, 2.0), 9: (4.0, 4.0)}
Repeat number : 23
Original weight : [6.75, 10.76, 17.7, 17.14, 11.19, 14.51, 10.33, 7.78, 10.11, 13.41, 10.15, 13.97, 13.22, 17.64, 16.79, 15.29, 14.22, 23.35, 15.38, 5.42, 8.77, 8.9, 6.36, 10.77, 12.43]
Sequence : [0, 0, 0, 0, 0, 0, 0, 1, 2, 3, 4, 5, 6, 7, 8, 9, 10, 11, 12, 13, 14, 15, 16, 17, 18]
Emergency : [0, 0, 0, 0, 0, 0, 0, 0, 0, 0, 0, 0, 0, 0, 0, 0, 0, 0, 0, 0, 0, 0, 0, 0, 0]
Time taken to solve the MIP model : 0.0075 seconds
---------------------------------
