Can't find feasible solution

Number of initial container : 7
Number of new container : 18
Total number of containers : 25
Level_num : 9
Container_level : [2, 5, 9, 8, 7, 8, 5, 5, 5, 1, 5, 1, 2, 1, 4, 6, 2, 3, 8, 5, 2, 1, 1, 5, 4]
ideal_configuration : 
 [[4. 5. 7. 9. 0. 0.]
 [2. 4. 5. 8. 0. 0.]
 [1. 2. 5. 5. 8. 0.]
 [1. 1. 2. 5. 5. 8.]
 [1. 1. 2. 3. 5. 6.]]
Centroid : {2: (2.25, 1.5), 5: (3.7142857142857144, 1.8571428571428572), 9: (4.0, 4.0), 8: (5.0, 2.0), 7: (3.0, 4.0), 1: (1.4, 0.8), 4: (1.5, 3.5), 6: (6.0, 0.0), 3: (4.0, 0.0)}
Repeat number : 24
Original weight : [9.61, 15.02, 22.79, 22.37, 19.57, 21.6, 14.79, 14.9, 14.74, 5.82, 15.91, 7.86, 9.11, 7.63, 13.45, 17.64, 8.56, 11.11, 21.85, 15.26, 9.72, 5.84, 7.33, 15.72, 13.67]
Sequence : [0, 0, 0, 0, 0, 0, 0, 1, 2, 3, 4, 5, 6, 7, 8, 9, 10, 11, 12, 13, 14, 15, 16, 17, 18]
Emergency : [0, 0, 0, 0, 0, 0, 0, 0, 0, 0, 0, 0, 0, 0, 0, 0, 0, 0, 0, 0, 0, 0, 0, 0, 0]
Time taken to solve the MIP model : 0.0156 seconds
---------------------------------
