Can't find feasible solution

Number of initial container : 7
Number of new container : 18
Total number of containers : 25
Level_num : 9
Container_level : [7, 8, 3, 5, 9, 5, 6, 8, 6, 7, 4, 6, 3, 8, 4, 2, 2, 6, 7, 6, 4, 3, 7, 6, 1]
ideal_configuration : 
 [[5. 6. 7. 9. 0. 0.]
 [4. 6. 6. 8. 0. 0.]
 [3. 4. 6. 7. 8. 0.]
 [2. 3. 4. 6. 7. 8.]
 [1. 2. 3. 5. 6. 7.]]
Centroid : {7: (4.5, 1.75), 8: (5.0, 2.0), 3: (2.0, 1.0), 5: (2.5, 2.0), 9: (4.0, 4.0), 6: (3.1666666666666665, 2.1666666666666665), 4: (2.0, 2.0), 2: (1.5, 0.5), 1: (1.0, 0.0)}
Repeat number : 13
Original weight : [20.0, 22.66, 11.94, 16.89, 23.93, 16.34, 17.21, 22.97, 16.96, 20.62, 13.29, 17.3, 10.73, 23.06, 12.28, 9.35, 9.86, 18.87, 19.64, 17.35, 12.43, 10.76, 19.55, 19.17, 5.28]
Sequence : [0, 0, 0, 0, 0, 0, 0, 1, 2, 3, 4, 5, 6, 7, 8, 9, 10, 11, 12, 13, 14, 15, 16, 17, 18]
Emergency : [0, 0, 0, 0, 0, 0, 0, 0, 0, 0, 0, 0, 0, 0, 0, 0, 0, 0, 0, 0, 0, 0, 0, 0, 0]
Time taken to solve the MIP model : 0.0110 seconds
---------------------------------
