Can't find feasible solution

Number of initial container : 7
Number of new container : 18
Total number of containers : 25
Level_num : 9
Container_level : [4, 2, 8, 1, 8, 6, 3, 1, 4, 1, 3, 7, 8, 1, 8, 4, 3, 1, 9, 4, 3, 5, 3, 4, 6]
ideal_configuration : 
 [[3. 4. 8. 9. 0. 0.]
 [3. 4. 5. 8. 0. 0.]
 [1. 3. 4. 6. 8. 0.]
 [1. 1. 3. 4. 6. 8.]
 [1. 1. 2. 3. 4. 7.]]
Centroid : {4: (3.2, 2.0), 2: (3.0, 0.0), 8: (4.5, 2.5), 1: (1.4, 0.8), 6: (4.5, 1.5), 3: (2.2, 2.0), 7: (6.0, 0.0), 9: (4.0, 4.0), 5: (3.0, 3.0)}
Repeat number : 26
Original weight : [12.03, 7.72, 21.06, 5.18, 21.14, 18.48, 11.05, 6.46, 13.21, 6.14, 9.79, 19.25, 23.2, 5.66, 22.27, 12.92, 11.86, 7.23, 23.3, 12.17, 10.13, 15.93, 10.68, 13.67, 17.87]
Sequence : [0, 0, 0, 0, 0, 0, 0, 1, 2, 3, 4, 5, 6, 7, 8, 9, 10, 11, 12, 13, 14, 15, 16, 17, 18]
Emergency : [0, 0, 0, 0, 0, 0, 0, 0, 0, 0, 0, 0, 0, 0, 0, 0, 0, 0, 0, 0, 0, 0, 0, 0, 0]
Time taken to solve the MIP model : 0.0130 seconds
---------------------------------
