Can't find feasible solution

Number of initial container : 5
Number of new container : 15
Total number of containers : 20
Level_num : 9
Container_level : [8, 6, 8, 2, 1, 7, 3, 4, 4, 1, 6, 9, 7, 5, 6, 2, 6, 4, 2, 1]
ideal_configuration : 
 [[5. 7. 0. 0. 0. 0.]
 [3. 6. 7. 0. 0. 0.]
 [2. 4. 6. 8. 0. 0.]
 [1. 2. 4. 6. 8. 0.]
 [1. 1. 2. 4. 6. 9.]]
Centroid : {8: (4.5, 1.5), 6: (3.5, 1.5), 2: (2.0, 1.0), 1: (1.3333333333333333, 0.3333333333333333), 7: (2.5, 3.5), 3: (1.0, 3.0), 4: (3.0, 1.0), 9: (6.0, 0.0), 5: (1.0, 4.0)}
Repeat number : 16
Original weight : [21.51, 17.35, 22.04, 9.28, 5.78, 20.96, 11.09, 12.8, 14.72, 5.92, 18.78, 23.69, 19.39, 15.45, 19.15, 9.98, 17.93, 13.3, 8.24, 7.29]
Sequence : [0, 0, 0, 0, 0, 1, 2, 3, 4, 5, 6, 7, 8, 9, 10, 11, 12, 13, 14, 15]
Emergency : [0, 0, 0, 0, 0, 0, 0, 0, 0, 0, 0, 0, 0, 0, 0, 0, 0, 0, 0, 0]
Time taken to solve the MIP model : 0.0049 seconds
---------------------------------
