Can't find feasible solution

Number of initial container : 5
Number of new container : 15
Total number of containers : 20
Level_num : 9
Container_level : [7, 1, 8, 1, 5, 4, 2, 9, 4, 7, 7, 5, 2, 3, 8, 5, 4, 5, 4, 1]
ideal_configuration : 
 [[5. 7. 0. 0. 0. 0.]
 [4. 5. 7. 0. 0. 0.]
 [2. 4. 5. 8. 0. 0.]
 [1. 2. 4. 5. 8. 0.]
 [1. 1. 3. 4. 7. 9.]]
Centroid : {7: (3.3333333333333335, 2.3333333333333335), 1: (1.3333333333333333, 0.3333333333333333), 8: (4.5, 1.5), 5: (2.5, 2.5), 4: (2.5, 1.5), 2: (1.5, 1.5), 9: (6.0, 0.0), 3: (3.0, 0.0)}
Repeat number : 27
Original weight : [19.4, 7.26, 20.99, 6.53, 15.81, 12.59, 8.82, 22.55, 13.92, 18.73, 19.32, 15.85, 10.14, 11.3, 20.55, 14.8, 13.79, 15.96, 12.63, 8.27]
Sequence : [0, 0, 0, 0, 0, 1, 2, 3, 4, 5, 6, 7, 8, 9, 10, 11, 12, 13, 14, 15]
Emergency : [0, 0, 0, 0, 0, 0, 0, 0, 0, 0, 0, 0, 0, 0, 0, 0, 0, 0, 0, 0]
Time taken to solve the MIP model : 0.0247 seconds
---------------------------------
