Can't find feasible solution

Number of initial container : 5
Number of new container : 15
Total number of containers : 20
Level_num : 9
Container_level : [8, 5, 6, 9, 2, 8, 3, 8, 6, 8, 3, 5, 4, 1, 6, 1, 6, 1, 3, 3]
ideal_configuration : 
 [[5. 8. 0. 0. 0. 0.]
 [3. 6. 8. 0. 0. 0.]
 [2. 3. 6. 8. 0. 0.]
 [1. 3. 4. 6. 8. 0.]
 [1. 1. 3. 5. 6. 9.]]
Centroid : {8: (3.5, 2.5), 5: (2.5, 2.0), 6: (3.5, 1.5), 9: (6.0, 0.0), 2: (1.0, 2.0), 3: (2.0, 1.5), 4: (3.0, 1.0), 1: (1.3333333333333333, 0.3333333333333333)}
Repeat number : 10
Original weight : [22.59, 16.82, 17.61, 23.83, 9.85, 23.81, 11.72, 22.01, 17.43, 23.05, 11.4, 16.59, 13.36, 5.88, 18.5, 7.82, 17.81, 7.6, 12.06, 10.84]
Sequence : [0, 0, 0, 0, 0, 1, 2, 3, 4, 5, 6, 7, 8, 9, 10, 11, 12, 13, 14, 15]
Emergency : [0, 0, 0, 0, 0, 0, 0, 0, 0, 0, 0, 0, 0, 0, 0, 0, 0, 0, 0, 0]
Time taken to solve the MIP model : 0.0182 seconds
---------------------------------
