Can't find feasible solution

Number of initial container : 5
Number of new container : 15
Total number of containers : 20
Level_num : 9
Container_level : [1, 8, 3, 7, 8, 4, 4, 6, 9, 3, 3, 4, 5, 1, 6, 7, 2, 3, 8, 1]
ideal_configuration : 
 [[4. 7. 0. 0. 0. 0.]
 [3. 5. 8. 0. 0. 0.]
 [2. 3. 6. 8. 0. 0.]
 [1. 3. 4. 6. 8. 0.]
 [1. 1. 3. 4. 7. 9.]]
Centroid : {1: (1.3333333333333333, 0.3333333333333333), 8: (4.0, 2.0), 3: (2.0, 1.5), 7: (3.5, 2.0), 4: (2.6666666666666665, 1.6666666666666667), 6: (3.5, 1.5), 9: (6.0, 0.0), 5: (2.0, 3.0), 2: (1.0, 2.0)}
Repeat number : 1
Original weight : [10.34, 23.08, 13.43, 21.49, 23.39, 16.07, 15.66, 19.97, 23.91, 13.01, 12.67, 15.88, 16.88, 8.88, 18.96, 21.05, 11.04, 12.81, 23.3, 9.5]
Sequence : [0, 0, 0, 0, 0, 1, 2, 3, 4, 5, 6, 7, 8, 9, 10, 11, 12, 13, 14, 15]
Emergency : [0, 0, 0, 0, 0, 0, 0, 0, 0, 0, 0, 0, 0, 0, 0, 0, 0, 0, 0, 0]
Time taken to solve the MIP model : 0.0241 seconds
---------------------------------
