Can't find feasible solution

Number of initial container : 5
Number of new container : 15
Total number of containers : 20
Level_num : 9
Container_level : [3, 8, 4, 2, 4, 6, 4, 3, 5, 3, 5, 9, 7, 8, 6, 8, 1, 1, 2, 2]
ideal_configuration : 
 [[4. 7. 0. 0. 0. 0.]
 [3. 5. 8. 0. 0. 0.]
 [2. 3. 5. 8. 0. 0.]
 [1. 2. 4. 6. 8. 0.]
 [1. 2. 3. 4. 6. 9.]]
Centroid : {3: (2.0, 1.6666666666666667), 8: (4.0, 2.0), 4: (2.6666666666666665, 1.6666666666666667), 2: (1.6666666666666667, 1.0), 6: (4.5, 0.5), 5: (2.5, 2.5), 9: (6.0, 0.0), 7: (2.0, 4.0), 1: (1.0, 0.5)}
Repeat number : 25
Original weight : [12.01, 23.63, 12.64, 9.55, 14.38, 19.21, 14.53, 11.44, 16.0, 10.63, 16.36, 23.92, 20.79, 22.38, 17.45, 23.32, 7.02, 5.46, 8.32, 7.77]
Sequence : [0, 0, 0, 0, 0, 1, 2, 3, 4, 5, 6, 7, 8, 9, 10, 11, 12, 13, 14, 15]
Emergency : [0, 0, 0, 0, 0, 0, 0, 0, 0, 0, 0, 0, 0, 0, 0, 0, 0, 0, 0, 0]
Time taken to solve the MIP model : 0.0072 seconds
---------------------------------
