Can't find feasible solution

Number of initial container : 5
Number of new container : 15
Total number of containers : 20
Level_num : 9
Container_level : [3, 2, 5, 3, 4, 7, 8, 5, 1, 6, 3, 8, 1, 2, 1, 6, 5, 7, 5, 7]
ideal_configuration : 
 [[5. 7. 0. 0. 0. 0.]
 [3. 5. 7. 0. 0. 0.]
 [2. 3. 5. 7. 0. 0.]
 [1. 2. 4. 6. 8. 0.]
 [1. 1. 3. 5. 6. 8.]]
Centroid : {3: (2.0, 1.6666666666666667), 2: (1.5, 1.5), 5: (2.5, 2.25), 4: (3.0, 1.0), 7: (3.0, 3.0), 8: (5.5, 0.5), 1: (1.3333333333333333, 0.3333333333333333), 6: (4.5, 0.5)}
Repeat number : 2
Original weight : [11.58, 8.76, 14.63, 9.91, 12.54, 18.84, 22.03, 16.28, 5.37, 18.41, 10.19, 23.3, 5.17, 9.49, 5.76, 18.57, 15.11, 19.36, 15.67, 20.99]
Sequence : [0, 0, 0, 0, 0, 1, 2, 3, 4, 5, 6, 7, 8, 9, 10, 11, 12, 13, 14, 15]
Emergency : [0, 0, 0, 0, 0, 0, 0, 0, 0, 0, 0, 0, 0, 0, 0, 0, 0, 0, 0, 0]
Time taken to solve the MIP model : 0.0060 seconds
---------------------------------
