Can't find feasible solution

Number of initial container : 5
Number of new container : 15
Total number of containers : 20
Level_num : 9
Container_level : [6, 8, 8, 1, 1, 6, 6, 3, 3, 8, 1, 6, 3, 8, 6, 9, 8, 1, 1, 6]
ideal_configuration : 
 [[6. 8. 0. 0. 0. 0.]
 [3. 6. 8. 0. 0. 0.]
 [1. 3. 6. 8. 0. 0.]
 [1. 1. 6. 6. 8. 0.]
 [1. 1. 3. 6. 8. 9.]]
Centroid : {6: (1.8333333333333333, 1.8333333333333333), 8: (2.8, 2.0), 1: (0.4, 0.8), 3: (1.0, 1.6666666666666667), 9: (5.0, 0.0)}
Repeat number : 12
Original weight : [23.82, 9.9, 15.91, 20.69, 19.15, 8.67, 15.74, 13.4, 18.03, 11.84, 15.46, 20.5, 14.44, 22.55, 18.9, 23.55, 5.03, 22.14, 9.24, 16.49]
Group : [2, 3, 3, 0, 0, 2, 2, 1, 1, 3, 0, 2, 1, 3, 2, 3, 3, 0, 0, 2]
Sequence : [0, 0, 0, 0, 0, 1, 2, 3, 4, 5, 6, 7, 8, 9, 10, 11, 12, 13, 14, 15]
Scroe : [223.82, 309.9, 315.91, 20.69, 19.15, 208.67, 215.74, 113.4, 118.03, 311.84, 15.46, 220.5, 114.44, 322.55, 218.9, 323.55, 305.03, 22.14, 9.24, 216.49]
Time taken to solve the MIP model : 0.0000 seconds
---------------------------------
