Can't find feasible solution

Number of initial container : 5
Number of new container : 15
Total number of containers : 20
Level_num : 9
Container_level : [6, 8, 1, 1, 1, 1, 8, 1, 1, 3, 3, 3, 9, 1, 6, 8, 1, 3, 1, 1]
ideal_configuration : 
 [[3. 6. 0. 0. 0. 0.]
 [1. 3. 8. 0. 0. 0.]
 [1. 1. 3. 8. 0. 0.]
 [1. 1. 1. 3. 8. 0.]
 [1. 1. 1. 1. 6. 9.]]
Centroid : {6: (2.5, 2.0), 8: (3.0, 2.0), 1: (1.0, 1.0), 3: (1.5, 2.5), 9: (5.0, 0.0)}
Repeat number : 7
Original weight : [16.09, 19.8, 23.42, 19.9, 5.94, 19.94, 11.85, 15.16, 21.88, 14.65, 21.76, 8.26, 21.89, 7.15, 13.78, 18.7, 12.7, 17.94, 23.22, 17.19]
Group : [2, 3, 0, 0, 0, 0, 3, 0, 0, 1, 1, 1, 3, 0, 2, 3, 0, 1, 0, 0]
Sequence : [0, 0, 0, 0, 0, 1, 2, 3, 4, 5, 6, 7, 8, 9, 10, 11, 12, 13, 14, 15]
Scroe : [216.09, 319.8, 23.42, 19.9, 5.94, 19.94, 311.85, 15.16, 21.88, 114.65, 121.76, 108.26, 321.89, 7.15, 213.78, 318.7, 12.7, 117.94, 23.22, 17.19]
Time taken to solve the MIP model : 0.0000 seconds
---------------------------------
