Can't find feasible solution

Number of initial container : 5
Number of new container : 15
Total number of containers : 20
Level_num : 9
Container_level : [9, 1, 1, 8, 1, 8, 8, 8, 3, 3, 3, 6, 1, 6, 8, 8, 3, 3, 3, 1]
ideal_configuration : 
 [[3. 8. 0. 0. 0. 0.]
 [3. 6. 8. 0. 0. 0.]
 [1. 3. 6. 8. 0. 0.]
 [1. 1. 3. 8. 8. 0.]
 [1. 1. 3. 3. 8. 9.]]
Centroid : {9: (5.0, 0.0), 1: (0.4, 0.8), 8: (2.8333333333333335, 1.8333333333333333), 3: (1.3333333333333333, 1.6666666666666667), 6: (1.5, 2.5)}
Repeat number : 20
Original weight : [21.9, 5.1, 7.12, 10.42, 8.36, 9.83, 11.46, 9.92, 8.84, 17.12, 10.02, 13.9, 15.74, 6.78, 12.86, 12.92, 15.04, 14.97, 22.04, 6.66]
Group : [3, 0, 0, 3, 0, 3, 3, 3, 1, 1, 1, 2, 0, 2, 3, 3, 1, 1, 1, 0]
Sequence : [0, 0, 0, 0, 0, 1, 2, 3, 4, 5, 6, 7, 8, 9, 10, 11, 12, 13, 14, 15]
Scroe : [321.9, 5.1, 7.12, 310.42, 8.36, 309.83, 311.46, 309.92, 108.84, 117.12, 110.02, 213.9, 15.74, 206.78, 312.86, 312.92, 115.03999999999999, 114.97, 122.03999999999999, 6.66]
Time taken to solve the MIP model : 0.0156 seconds
---------------------------------
