Can't find feasible solution

Number of initial container : 5
Number of new container : 15
Total number of containers : 20
Level_num : 9
Container_level : [8, 3, 8, 1, 8, 3, 8, 1, 6, 9, 8, 6, 6, 8, 6, 8, 8, 8, 3, 8]
ideal_configuration : 
 [[8. 8. 0. 0. 0. 0.]
 [6. 8. 8. 0. 0. 0.]
 [3. 6. 8. 8. 0. 0.]
 [1. 3. 6. 8. 8. 0.]
 [1. 3. 6. 8. 8. 9.]]
Centroid : {8: (2.3, 2.0), 3: (0.6666666666666666, 1.0), 1: (0.0, 0.5), 6: (1.25, 1.5), 9: (5.0, 0.0)}
Repeat number : 11
Original weight : [13.75, 21.96, 15.03, 12.22, 14.25, 18.99, 9.27, 14.95, 7.28, 18.31, 10.59, 16.83, 23.58, 6.33, 7.1, 14.72, 12.09, 14.97, 20.35, 10.85]
Group : [3, 1, 3, 0, 3, 1, 3, 0, 2, 3, 3, 2, 2, 3, 2, 3, 3, 3, 1, 3]
Sequence : [0, 0, 0, 0, 0, 1, 2, 3, 4, 5, 6, 7, 8, 9, 10, 11, 12, 13, 14, 15]
Scroe : [313.75, 121.96000000000001, 315.03, 12.22, 314.25, 118.99, 309.27, 14.95, 207.28, 318.31, 310.59, 216.82999999999998, 223.57999999999998, 306.33, 207.1, 314.72, 312.09, 314.97, 120.35, 310.85]
Time taken to solve the MIP model : 0.0174 seconds
---------------------------------
