Can't find feasible solution

Number of initial container : 5
Number of new container : 15
Total number of containers : 20
Level_num : 9
Container_level : [1, 8, 6, 8, 1, 8, 1, 8, 1, 3, 1, 6, 1, 9, 6, 1, 8, 3, 1, 6]
ideal_configuration : 
 [[6. 8. 0. 0. 0. 0.]
 [1. 6. 8. 0. 0. 0.]
 [1. 1. 6. 8. 0. 0.]
 [1. 1. 3. 6. 8. 0.]
 [1. 1. 1. 3. 8. 9.]]
Centroid : {1: (0.625, 1.125), 8: (2.8, 2.0), 6: (1.5, 2.5), 3: (2.5, 0.5), 9: (5.0, 0.0)}
Repeat number : 4
Original weight : [16.84, 10.32, 6.75, 18.05, 9.95, 10.77, 20.9, 6.19, 20.32, 6.45, 8.18, 14.03, 7.49, 23.38, 14.76, 6.79, 20.94, 19.46, 20.02, 18.16]
Group : [0, 3, 2, 3, 0, 3, 0, 3, 0, 1, 0, 2, 0, 3, 2, 0, 3, 1, 0, 2]
Sequence : [0, 0, 0, 0, 0, 1, 2, 3, 4, 5, 6, 7, 8, 9, 10, 11, 12, 13, 14, 15]
Scroe : [16.84, 310.32, 206.75, 318.05, 9.95, 310.77, 20.9, 306.19, 20.32, 106.45, 8.18, 214.03, 7.49, 323.38, 214.76, 6.79, 320.94, 119.46000000000001, 20.02, 218.16]
Time taken to solve the MIP model : 0.0176 seconds
---------------------------------
