Can't find feasible solution

Number of initial container : 5
Number of new container : 15
Total number of containers : 20
Level_num : 9
Container_level : [4, 6, 8, 6, 6, 3, 8, 3, 8, 3, 6, 9, 3, 1, 1, 1, 8, 1, 1, 6]
ideal_configuration : 
 [[6. 8. 0. 0. 0. 0.]
 [3. 6. 8. 0. 0. 0.]
 [1. 3. 6. 8. 0. 0.]
 [1. 1. 3. 6. 8. 0.]
 [1. 1. 3. 4. 6. 9.]]
Centroid : {4: (3.0, 0.0), 6: (2.0, 2.0), 8: (2.5, 2.5), 3: (1.25, 1.5), 9: (5.0, 0.0), 1: (0.4, 0.8)}
Repeat number : 29
Original weight : [23.17, 11.08, 14.61, 8.66, 23.09, 10.97, 9.16, 13.49, 15.37, 7.72, 16.75, 16.73, 14.95, 16.11, 12.91, 6.39, 6.14, 15.81, 17.99, 12.51]
Group : [1, 2, 3, 2, 2, 1, 3, 1, 3, 1, 2, 3, 1, 0, 0, 0, 3, 0, 0, 2]
Sequence : [0, 0, 0, 0, 0, 1, 2, 3, 4, 5, 6, 7, 8, 9, 10, 11, 12, 13, 14, 15]
Scroe : [123.17, 211.08, 314.61, 208.66, 223.09, 110.97, 309.16, 113.49, 315.37, 107.72, 216.75, 316.73, 114.95, 16.11, 12.91, 6.39, 306.14, 15.81, 17.99, 212.51]
Time taken to solve the MIP model : 0.0000 seconds
---------------------------------
