Can't find feasible solution

Number of initial container : 10
Number of new container : 13
Total number of containers : 23
Level_num : 9
Container_level : [6, 8, 3, 6, 6, 6, 3, 1, 6, 6, 6, 1, 6, 3, 6, 6, 1, 3, 1, 8, 1, 1, 9]
ideal_configuration : 
 [[6. 6. 8. 0. 0. 0.]
 [3. 6. 6. 8. 0. 0.]
 [1. 3. 6. 6. 9. 0.]
 [1. 1. 3. 6. 6. 0.]
 [1. 1. 1. 3. 6. 6.]]
Centroid : {6: (2.5, 2.0), 8: (2.5, 3.5), 3: (1.5, 1.5), 1: (0.6666666666666666, 0.6666666666666666), 9: (4.0, 2.0)}
Repeat number : 19
Original weight : [20.62, 16.08, 21.73, 18.05, 17.45, 12.36, 13.41, 11.83, 8.05, 16.82, 15.97, 20.58, 9.94, 10.28, 23.01, 9.74, 12.96, 10.71, 12.96, 9.98, 5.14, 7.38, 18.96]
Group : [2, 3, 1, 2, 2, 2, 1, 0, 2, 2, 2, 0, 2, 1, 2, 2, 0, 1, 0, 3, 0, 0, 3]
Sequence : [0, 0, 0, 0, 0, 0, 0, 0, 0, 0, 1, 2, 3, 4, 5, 6, 7, 8, 9, 10, 11, 12, 13]
Scroe : [220.62, 316.08, 121.73, 218.05, 217.45, 212.36, 113.41, 11.83, 208.05, 216.82, 215.97, 20.58, 209.94, 110.28, 223.01, 209.74, 12.96, 110.71000000000001, 12.96, 309.98, 5.14, 7.38, 318.96]
Time taken to solve the MIP model : 0.0000 seconds
---------------------------------
