Can't find feasible solution

Number of initial container : 10
Number of new container : 13
Total number of containers : 23
Level_num : 9
Container_level : [8, 8, 1, 6, 8, 6, 1, 8, 6, 8, 1, 3, 1, 3, 8, 1, 1, 8, 6, 8, 8, 9, 8]
ideal_configuration : 
 [[6. 8. 8. 0. 0. 0.]
 [3. 6. 8. 8. 0. 0.]
 [1. 3. 8. 8. 9. 0.]
 [1. 1. 6. 8. 8. 0.]
 [1. 1. 1. 6. 8. 8.]]
Centroid : {8: (2.9, 2.0), 1: (0.6666666666666666, 0.6666666666666666), 6: (1.5, 2.0), 3: (0.5, 2.5), 9: (4.0, 2.0)}
Repeat number : 7
Original weight : [6.97, 13.24, 16.29, 20.34, 18.48, 19.13, 14.42, 12.71, 10.13, 14.89, 11.99, 8.65, 18.83, 7.05, 14.15, 7.87, 18.83, 16.92, 12.44, 11.86, 16.27, 21.59, 11.0]
Group : [3, 3, 0, 2, 3, 2, 0, 3, 2, 3, 0, 1, 0, 1, 3, 0, 0, 3, 2, 3, 3, 3, 3]
Sequence : [0, 0, 0, 0, 0, 0, 0, 0, 0, 0, 1, 2, 3, 4, 5, 6, 7, 8, 9, 10, 11, 12, 13]
Scroe : [306.97, 313.24, 16.29, 220.34, 318.48, 219.13, 14.42, 312.71, 210.13, 314.89, 11.99, 108.65, 18.83, 107.05, 314.15, 7.87, 18.83, 316.92, 212.44, 311.86, 316.27, 321.59, 311.0]
Time taken to solve the MIP model : 0.0000 seconds
---------------------------------
