Can't find feasible solution

Number of initial container : 10
Number of new container : 13
Total number of containers : 23
Level_num : 9
Container_level : [1, 3, 6, 1, 8, 1, 3, 1, 8, 9, 1, 3, 8, 1, 1, 8, 1, 8, 1, 8, 3, 3, 6]
ideal_configuration : 
 [[3. 6. 8. 0. 0. 0.]
 [1. 3. 8. 8. 0. 0.]
 [1. 1. 3. 8. 9. 0.]
 [1. 1. 1. 3. 8. 0.]
 [1. 1. 1. 3. 6. 8.]]
Centroid : {1: (0.7777777777777778, 1.1111111111111112), 3: (1.8, 2.0), 6: (2.5, 2.0), 8: (3.1666666666666665, 2.1666666666666665), 9: (4.0, 2.0)}
Repeat number : 24
Original weight : [15.25, 16.82, 21.95, 9.29, 8.8, 9.7, 23.05, 21.63, 15.88, 20.77, 10.42, 17.83, 19.71, 9.34, 12.8, 19.14, 17.88, 7.19, 16.89, 15.01, 13.51, 6.42, 9.74]
Group : [0, 1, 2, 0, 3, 0, 1, 0, 3, 3, 0, 1, 3, 0, 0, 3, 0, 3, 0, 3, 1, 1, 2]
Sequence : [0, 0, 0, 0, 0, 0, 0, 0, 0, 0, 1, 2, 3, 4, 5, 6, 7, 8, 9, 10, 11, 12, 13]
Scroe : [15.25, 116.82, 221.95, 9.29, 308.8, 9.7, 123.05, 21.63, 315.88, 320.77, 10.42, 117.83, 319.71, 9.34, 12.8, 319.14, 17.88, 307.19, 16.89, 315.01, 113.51, 106.42, 209.74]
Time taken to solve the MIP model : 0.0034 seconds
---------------------------------
