Can't find feasible solution

Number of initial container : 10
Number of new container : 13
Total number of containers : 23
Level_num : 9
Container_level : [1, 1, 9, 6, 3, 8, 1, 1, 6, 1, 6, 8, 6, 6, 1, 8, 1, 8, 1, 8, 8, 3, 1]
ideal_configuration : 
 [[3. 6. 8. 0. 0. 0.]
 [1. 6. 8. 8. 0. 0.]
 [1. 1. 6. 8. 9. 0.]
 [1. 1. 1. 6. 8. 0.]
 [1. 1. 1. 3. 6. 8.]]
Centroid : {1: (0.7777777777777778, 1.1111111111111112), 9: (4.0, 2.0), 6: (2.2, 2.0), 3: (1.5, 2.0), 8: (3.1666666666666665, 2.1666666666666665)}
Repeat number : 14
Original weight : [19.96, 18.79, 19.27, 23.68, 17.22, 9.46, 22.38, 13.52, 5.27, 19.03, 14.69, 7.97, 8.64, 20.86, 10.53, 13.68, 14.11, 16.57, 22.84, 12.02, 12.95, 13.82, 6.26]
Group : [0, 0, 3, 2, 1, 3, 0, 0, 2, 0, 2, 3, 2, 2, 0, 3, 0, 3, 0, 3, 3, 1, 0]
Sequence : [0, 0, 0, 0, 0, 0, 0, 0, 0, 0, 1, 2, 3, 4, 5, 6, 7, 8, 9, 10, 11, 12, 13]
Scroe : [19.96, 18.79, 319.27, 223.68, 117.22, 309.46, 22.38, 13.52, 205.27, 19.03, 214.69, 307.97, 208.64, 220.86, 10.53, 313.68, 14.11, 316.57, 22.84, 312.02, 312.95, 113.82, 6.26]
Time taken to solve the MIP model : 0.0000 seconds
---------------------------------
