Can't find feasible solution

Number of initial container : 10
Number of new container : 13
Total number of containers : 23
Level_num : 9
Container_level : [3, 3, 8, 9, 8, 8, 1, 8, 3, 3, 6, 6, 6, 3, 1, 6, 8, 4, 6, 6, 1, 1, 6]
ideal_configuration : 
 [[6. 6. 8. 0. 0. 0.]
 [3. 6. 6. 8. 0. 0.]
 [1. 3. 6. 8. 9. 0.]
 [1. 3. 3. 6. 8. 0.]
 [1. 1. 3. 4. 6. 8.]]
Centroid : {3: (1.2, 1.4), 8: (3.4, 2.0), 9: (4.0, 2.0), 1: (0.25, 0.75), 6: (1.8571428571428572, 2.4285714285714284), 4: (3.0, 0.0)}
Repeat number : 28
Original weight : [12.89, 5.05, 8.24, 17.68, 11.14, 12.9, 7.79, 12.06, 15.03, 17.28, 15.64, 5.1, 8.27, 22.87, 6.13, 20.23, 16.75, 23.19, 16.01, 23.91, 9.42, 13.19, 22.23]
Group : [1, 1, 3, 3, 3, 3, 0, 3, 1, 1, 2, 2, 2, 1, 0, 2, 3, 1, 2, 2, 0, 0, 2]
Sequence : [0, 0, 0, 0, 0, 0, 0, 0, 0, 0, 1, 2, 3, 4, 5, 6, 7, 8, 9, 10, 11, 12, 13]
Scroe : [112.89, 105.05, 308.24, 317.68, 311.14, 312.9, 7.79, 312.06, 115.03, 117.28, 215.64, 205.1, 208.27, 122.87, 6.13, 220.23, 316.75, 123.19, 216.01, 223.91, 9.42, 13.19, 222.23]
Time taken to solve the MIP model : 0.0000 seconds
---------------------------------
