Can't find feasible solution

Number of initial container : 10
Number of new container : 13
Total number of containers : 23
Level_num : 9
Container_level : [8, 3, 3, 1, 9, 1, 3, 3, 3, 1, 6, 6, 1, 1, 8, 1, 6, 6, 6, 3, 1, 3, 1]
ideal_configuration : 
 [[3. 6. 8. 0. 0. 0.]
 [1. 3. 6. 8. 0. 0.]
 [1. 1. 3. 6. 9. 0.]
 [1. 1. 3. 3. 6. 0.]
 [1. 1. 1. 3. 3. 6.]]
Centroid : {8: (2.5, 3.5), 3: (2.142857142857143, 1.5714285714285714), 1: (0.625, 1.125), 9: (4.0, 2.0), 6: (3.0, 2.0)}
Repeat number : 16
Original weight : [13.16, 11.04, 19.37, 7.1, 18.35, 9.59, 9.69, 15.26, 5.91, 23.27, 8.5, 8.02, 12.55, 18.09, 16.78, 10.4, 11.8, 20.82, 22.98, 15.22, 11.58, 13.25, 8.69]
Group : [3, 1, 1, 0, 3, 0, 1, 1, 1, 0, 2, 2, 0, 0, 3, 0, 2, 2, 2, 1, 0, 1, 0]
Sequence : [0, 0, 0, 0, 0, 0, 0, 0, 0, 0, 1, 2, 3, 4, 5, 6, 7, 8, 9, 10, 11, 12, 13]
Scroe : [313.16, 111.03999999999999, 119.37, 7.1, 318.35, 9.59, 109.69, 115.26, 105.91, 23.27, 208.5, 208.02, 12.55, 18.09, 316.78, 10.4, 211.8, 220.82, 222.98, 115.22, 11.58, 113.25, 8.69]
Time taken to solve the MIP model : 0.0157 seconds
---------------------------------
