Can't find feasible solution

Number of initial container : 10
Number of new container : 13
Total number of containers : 23
Level_num : 9
Container_level : [8, 1, 3, 6, 6, 8, 1, 1, 6, 9, 3, 8, 3, 1, 3, 8, 1, 3, 6, 8, 1, 8, 8]
ideal_configuration : 
 [[3. 8. 8. 0. 0. 0.]
 [3. 6. 8. 8. 0. 0.]
 [1. 3. 6. 8. 9. 0.]
 [1. 1. 3. 6. 8. 0.]
 [1. 1. 1. 3. 6. 8.]]
Centroid : {8: (2.857142857142857, 2.4285714285714284), 1: (0.6666666666666666, 0.6666666666666666), 3: (1.2, 2.0), 6: (2.5, 1.5), 9: (4.0, 2.0)}
Repeat number : 4
Original weight : [11.71, 5.06, 22.99, 16.14, 18.48, 6.65, 5.64, 6.59, 11.06, 20.22, 18.35, 12.86, 5.38, 6.45, 13.23, 10.47, 12.08, 8.53, 12.97, 6.72, 15.86, 15.25, 11.58]
Group : [3, 0, 1, 2, 2, 3, 0, 0, 2, 3, 1, 3, 1, 0, 1, 3, 0, 1, 2, 3, 0, 3, 3]
Sequence : [0, 0, 0, 0, 0, 0, 0, 0, 0, 0, 1, 2, 3, 4, 5, 6, 7, 8, 9, 10, 11, 12, 13]
Scroe : [311.71, 5.06, 122.99, 216.14, 218.48, 306.65, 5.64, 6.59, 211.06, 320.22, 118.35, 312.86, 105.38, 6.45, 113.23, 310.47, 12.08, 108.53, 212.97, 306.72, 15.86, 315.25, 311.58]
Time taken to solve the MIP model : 0.0000 seconds
---------------------------------
