Can't find feasible solution

Number of initial container : 10
Number of new container : 13
Total number of containers : 23
Level_num : 9
Container_level : [1, 8, 6, 8, 6, 8, 3, 1, 3, 6, 9, 3, 8, 1, 1, 8, 8, 3, 1, 8, 6, 1, 1]
ideal_configuration : 
 [[3. 8. 8. 0. 0. 0.]
 [1. 6. 8. 8. 0. 0.]
 [1. 3. 6. 8. 9. 0.]
 [1. 1. 3. 6. 8. 0.]
 [1. 1. 1. 3. 6. 8.]]
Centroid : {1: (0.5714285714285714, 1.0), 8: (2.857142857142857, 2.4285714285714284), 6: (2.5, 1.5), 3: (1.5, 1.75), 9: (4.0, 2.0)}
Repeat number : 15
Original weight : [14.37, 20.6, 12.61, 20.37, 20.22, 6.62, 9.97, 5.66, 17.05, 15.12, 22.15, 22.13, 8.18, 21.34, 15.52, 16.31, 15.61, 6.71, 12.9, 9.75, 6.91, 5.02, 13.69]
Group : [0, 3, 2, 3, 2, 3, 1, 0, 1, 2, 3, 1, 3, 0, 0, 3, 3, 1, 0, 3, 2, 0, 0]
Sequence : [0, 0, 0, 0, 0, 0, 0, 0, 0, 0, 1, 2, 3, 4, 5, 6, 7, 8, 9, 10, 11, 12, 13]
Scroe : [14.37, 320.6, 212.61, 320.37, 220.22, 306.62, 109.97, 5.66, 117.05, 215.12, 322.15, 122.13, 308.18, 21.34, 15.52, 316.31, 315.61, 106.71, 12.9, 309.75, 206.91, 5.02, 13.69]
Time taken to solve the MIP model : 0.0156 seconds
---------------------------------
