Can't find feasible solution

Number of initial container : 10
Number of new container : 13
Total number of containers : 23
Level_num : 9
Container_level : [8, 8, 3, 8, 3, 8, 1, 3, 6, 1, 8, 1, 8, 1, 6, 8, 9, 6, 1, 6, 1, 6, 8]
ideal_configuration : 
 [[6. 8. 8. 0. 0. 0.]
 [3. 6. 8. 8. 0. 0.]
 [1. 3. 6. 8. 9. 0.]
 [1. 1. 3. 6. 8. 0.]
 [1. 1. 1. 6. 8. 8.]]
Centroid : {8: (3.0, 2.125), 3: (1.0, 2.0), 1: (0.6666666666666666, 0.6666666666666666), 6: (1.8, 2.0), 9: (4.0, 2.0)}
Repeat number : 23
Original weight : [16.97, 15.41, 14.84, 16.56, 8.03, 11.09, 8.05, 9.44, 22.51, 17.97, 7.22, 23.76, 23.5, 14.41, 7.82, 13.78, 23.57, 21.63, 16.96, 12.07, 9.56, 11.8, 14.2]
Group : [3, 3, 1, 3, 1, 3, 0, 1, 2, 0, 3, 0, 3, 0, 2, 3, 3, 2, 0, 2, 0, 2, 3]
Sequence : [0, 0, 0, 0, 0, 0, 0, 0, 0, 0, 1, 2, 3, 4, 5, 6, 7, 8, 9, 10, 11, 12, 13]
Scroe : [316.97, 315.41, 114.84, 316.56, 108.03, 311.09, 8.05, 109.44, 222.51, 17.97, 307.22, 23.76, 323.5, 14.41, 207.82, 313.78, 323.57, 221.63, 16.96, 212.07, 9.56, 211.8, 314.2]
Time taken to solve the MIP model : 0.0157 seconds
---------------------------------
