Can't find feasible solution

Number of initial container : 5
Number of new container : 20
Total number of containers : 25
Level_num : 9
Container_level : [3, 8, 1, 3, 1, 6, 3, 3, 1, 3, 8, 6, 8, 8, 6, 3, 3, 3, 8, 6, 1, 9, 8, 8, 6]
ideal_configuration : 
 [[3. 6. 8. 9. 0. 0.]
 [3. 3. 6. 8. 0. 0.]
 [1. 3. 6. 8. 8. 0.]
 [1. 3. 3. 6. 8. 8.]
 [1. 1. 3. 3. 6. 8.]]
Centroid : {3: (1.25, 1.75), 8: (3.7142857142857144, 1.8571428571428572), 1: (0.25, 0.75), 6: (2.4, 2.0), 9: (3.0, 4.0)}
Repeat number : 28
Original weight : [19.39, 16.44, 19.98, 22.91, 19.76, 13.25, 17.36, 17.43, 13.24, 15.48, 6.02, 22.1, 8.34, 11.03, 19.64, 8.88, 23.1, 11.2, 19.47, 10.83, 18.56, 20.62, 11.35, 9.39, 6.21]
Group : [1, 3, 0, 1, 0, 2, 1, 1, 0, 1, 3, 2, 3, 3, 2, 1, 1, 1, 3, 2, 0, 3, 3, 3, 2]
Sequence : [0, 0, 0, 0, 0, 1, 2, 3, 4, 5, 6, 7, 8, 9, 10, 11, 12, 13, 14, 15, 16, 17, 18, 19, 20]
Scroe : [119.39, 316.44, 19.98, 122.91, 19.76, 213.25, 117.36, 117.43, 13.24, 115.48, 306.02, 222.1, 308.34, 311.03, 219.64, 108.88, 123.1, 111.2, 319.47, 210.83, 18.56, 320.62, 311.35, 309.39, 206.21]
Time taken to solve the MIP model : 0.0155 seconds
---------------------------------
