Can't find feasible solution

Number of initial container : 5
Number of new container : 20
Total number of containers : 25
Level_num : 9
Container_level : [6, 8, 1, 8, 3, 3, 3, 6, 1, 8, 1, 1, 1, 8, 8, 3, 9, 6, 3, 3, 3, 1, 3, 8, 3]
ideal_configuration : 
 [[3. 6. 8. 9. 0. 0.]
 [3. 3. 6. 8. 0. 0.]
 [1. 3. 3. 6. 8. 0.]
 [1. 1. 3. 3. 8. 8.]
 [1. 1. 1. 3. 3. 8.]]
Centroid : {6: (2.0, 3.0), 8: (3.8333333333333335, 1.8333333333333333), 1: (0.6666666666666666, 0.6666666666666666), 3: (1.7777777777777777, 1.7777777777777777), 9: (3.0, 4.0)}
Repeat number : 25
Original weight : [22.75, 12.79, 15.21, 7.98, 5.07, 18.31, 10.16, 14.79, 8.36, 9.33, 19.45, 5.52, 10.55, 19.69, 7.62, 7.29, 23.89, 17.83, 15.73, 6.84, 22.13, 14.18, 19.64, 21.08, 8.98]
Group : [2, 3, 0, 3, 1, 1, 1, 2, 0, 3, 0, 0, 0, 3, 3, 1, 3, 2, 1, 1, 1, 0, 1, 3, 1]
Sequence : [0, 0, 0, 0, 0, 1, 2, 3, 4, 5, 6, 7, 8, 9, 10, 11, 12, 13, 14, 15, 16, 17, 18, 19, 20]
Scroe : [222.75, 312.79, 15.21, 307.98, 105.07, 118.31, 110.16, 214.79, 8.36, 309.33, 19.45, 5.52, 10.55, 319.69, 307.62, 107.29, 323.89, 217.82999999999998, 115.73, 106.84, 122.13, 14.18, 119.64, 321.08, 108.98]
Time taken to solve the MIP model : 0.0088 seconds
---------------------------------
