Can't find feasible solution

Number of initial container : 5
Number of new container : 20
Total number of containers : 25
Level_num : 9
Container_level : [6, 3, 6, 1, 1, 6, 1, 8, 6, 1, 9, 8, 6, 1, 3, 8, 8, 6, 3, 6, 3, 3, 6, 8, 3]
ideal_configuration : 
 [[3. 6. 8. 9. 0. 0.]
 [3. 6. 6. 8. 0. 0.]
 [1. 3. 6. 6. 8. 0.]
 [1. 1. 3. 6. 6. 8.]
 [1. 1. 3. 3. 6. 8.]]
Centroid : {6: (2.5, 2.0), 3: (1.3333333333333333, 1.6666666666666667), 1: (0.4, 0.8), 8: (3.8, 2.0), 9: (3.0, 4.0)}
Repeat number : 24
Original weight : [16.2, 10.42, 13.68, 18.62, 9.38, 21.09, 18.24, 9.3, 6.16, 19.84, 21.3, 11.86, 16.35, 13.67, 23.25, 20.2, 6.65, 23.72, 23.79, 8.22, 23.89, 21.78, 6.08, 19.13, 21.53]
Group : [2, 1, 2, 0, 0, 2, 0, 3, 2, 0, 3, 3, 2, 0, 1, 3, 3, 2, 1, 2, 1, 1, 2, 3, 1]
Sequence : [0, 0, 0, 0, 0, 1, 2, 3, 4, 5, 6, 7, 8, 9, 10, 11, 12, 13, 14, 15, 16, 17, 18, 19, 20]
Scroe : [216.2, 110.42, 213.68, 18.62, 9.38, 221.09, 18.24, 309.3, 206.16, 19.84, 321.3, 311.86, 216.35, 13.67, 123.25, 320.2, 306.65, 223.72, 123.78999999999999, 208.22, 123.89, 121.78, 206.08, 319.13, 121.53]
Time taken to solve the MIP model : 0.0150 seconds
---------------------------------
