Can't find feasible solution

Number of initial container : 5
Number of new container : 20
Total number of containers : 25
Level_num : 9
Container_level : [8, 1, 1, 8, 3, 8, 9, 6, 3, 8, 1, 6, 6, 6, 1, 3, 3, 8, 1, 1, 1, 6, 3, 6, 3]
ideal_configuration : 
 [[3. 6. 8. 9. 0. 0.]
 [1. 3. 6. 8. 0. 0.]
 [1. 3. 3. 6. 8. 0.]
 [1. 1. 3. 6. 6. 8.]
 [1. 1. 1. 3. 6. 8.]]
Centroid : {8: (3.8, 2.0), 1: (0.5714285714285714, 1.0), 3: (1.5, 2.0), 9: (3.0, 4.0), 6: (2.8333333333333335, 1.8333333333333333)}
Repeat number : 15
Original weight : [7.27, 13.41, 5.48, 22.58, 22.0, 6.04, 23.49, 17.63, 8.83, 12.89, 23.19, 9.02, 10.82, 17.81, 17.11, 17.13, 17.39, 15.71, 5.65, 8.02, 23.24, 12.7, 13.88, 21.39, 20.66]
Group : [3, 0, 0, 3, 1, 3, 3, 2, 1, 3, 0, 2, 2, 2, 0, 1, 1, 3, 0, 0, 0, 2, 1, 2, 1]
Sequence : [0, 0, 0, 0, 0, 1, 2, 3, 4, 5, 6, 7, 8, 9, 10, 11, 12, 13, 14, 15, 16, 17, 18, 19, 20]
Scroe : [307.27, 13.41, 5.48, 322.58, 122.0, 306.04, 323.49, 217.63, 108.83, 312.89, 23.19, 209.02, 210.82, 217.81, 17.11, 117.13, 117.39, 315.71, 5.65, 8.02, 23.24, 212.7, 113.88, 221.39, 120.66]
Time taken to solve the MIP model : 0.0156 seconds
---------------------------------
