Can't find feasible solution

Number of initial container : 5
Number of new container : 20
Total number of containers : 25
Level_num : 9
Container_level : [8, 6, 8, 1, 3, 1, 3, 1, 8, 8, 6, 1, 6, 8, 1, 3, 6, 8, 6, 9, 1, 3, 6, 6, 1]
ideal_configuration : 
 [[3. 6. 8. 9. 0. 0.]
 [1. 6. 6. 8. 0. 0.]
 [1. 3. 6. 6. 8. 0.]
 [1. 1. 3. 6. 8. 8.]
 [1. 1. 1. 3. 6. 8.]]
Centroid : {8: (3.8333333333333335, 1.8333333333333333), 6: (2.2857142857142856, 2.142857142857143), 1: (0.5714285714285714, 1.0), 3: (1.5, 1.75), 9: (3.0, 4.0)}
Repeat number : 19
Original weight : [15.43, 8.21, 22.28, 10.24, 17.75, 16.64, 15.35, 16.57, 6.2, 7.94, 16.46, 14.32, 21.01, 16.81, 7.27, 7.51, 5.54, 17.14, 15.23, 23.57, 12.18, 19.39, 23.73, 22.94, 12.1]
Group : [3, 2, 3, 0, 1, 0, 1, 0, 3, 3, 2, 0, 2, 3, 0, 1, 2, 3, 2, 3, 0, 1, 2, 2, 0]
Sequence : [0, 0, 0, 0, 0, 1, 2, 3, 4, 5, 6, 7, 8, 9, 10, 11, 12, 13, 14, 15, 16, 17, 18, 19, 20]
Scroe : [315.43, 208.21, 322.28, 10.24, 117.75, 16.64, 115.35, 16.57, 306.2, 307.94, 216.46, 14.32, 221.01, 316.81, 7.27, 107.51, 205.54, 317.14, 215.23, 323.57, 12.18, 119.39, 223.73, 222.94, 12.1]
Time taken to solve the MIP model : 0.0150 seconds
---------------------------------
