Can't find feasible solution

Number of initial container : 5
Number of new container : 20
Total number of containers : 25
Level_num : 9
Container_level : [6, 6, 6, 3, 1, 1, 1, 3, 1, 1, 9, 8, 1, 1, 1, 8, 6, 1, 1, 1, 8, 6, 1, 1, 3]
ideal_configuration : 
 [[1. 3. 6. 9. 0. 0.]
 [1. 1. 6. 8. 0. 0.]
 [1. 1. 1. 6. 8. 0.]
 [1. 1. 1. 3. 6. 8.]
 [1. 1. 1. 1. 3. 6.]]
Centroid : {6: (3.2, 2.0), 3: (2.6666666666666665, 1.6666666666666667), 1: (1.0, 1.4615384615384615), 9: (3.0, 4.0), 8: (4.0, 2.0)}
Repeat number : 10
Original weight : [21.42, 9.77, 10.62, 5.43, 11.92, 11.32, 22.49, 11.39, 18.95, 10.71, 22.03, 11.23, 12.95, 8.09, 23.11, 21.07, 7.54, 8.04, 22.06, 23.8, 18.85, 17.39, 22.32, 16.71, 20.35]
Group : [2, 2, 2, 1, 0, 0, 0, 1, 0, 0, 3, 3, 0, 0, 0, 3, 2, 0, 0, 0, 3, 2, 0, 0, 1]
Sequence : [0, 0, 0, 0, 0, 1, 2, 3, 4, 5, 6, 7, 8, 9, 10, 11, 12, 13, 14, 15, 16, 17, 18, 19, 20]
Scroe : [221.42000000000002, 209.77, 210.62, 105.43, 11.92, 11.32, 22.49, 111.39, 18.95, 10.71, 322.03, 311.23, 12.95, 8.09, 23.11, 321.07, 207.54, 8.04, 22.06, 23.8, 318.85, 217.39, 22.32, 16.71, 120.35]
Time taken to solve the MIP model : 0.0148 seconds
---------------------------------
