Can't find feasible solution

Number of initial container : 5
Number of new container : 20
Total number of containers : 25
Level_num : 9
Container_level : [3, 1, 9, 8, 6, 6, 1, 8, 6, 8, 1, 6, 6, 6, 6, 1, 1, 6, 6, 6, 8, 6, 8, 3, 8]
ideal_configuration : 
 [[6. 6. 8. 9. 0. 0.]
 [3. 6. 6. 8. 0. 0.]
 [1. 6. 6. 6. 8. 0.]
 [1. 1. 6. 6. 8. 8.]
 [1. 1. 3. 6. 6. 8.]]
Centroid : {3: (1.0, 1.5), 1: (0.4, 0.8), 9: (3.0, 4.0), 8: (3.8333333333333335, 1.8333333333333333), 6: (2.0, 2.0)}
Repeat number : 3
Original weight : [13.15, 22.13, 22.89, 9.43, 14.28, 11.7, 13.67, 8.58, 18.61, 5.28, 12.52, 20.99, 18.98, 21.72, 19.78, 9.38, 7.64, 10.64, 13.16, 7.25, 14.29, 14.7, 18.13, 16.83, 5.49]
Group : [1, 0, 3, 3, 2, 2, 0, 3, 2, 3, 0, 2, 2, 2, 2, 0, 0, 2, 2, 2, 3, 2, 3, 1, 3]
Sequence : [0, 0, 0, 0, 0, 1, 2, 3, 4, 5, 6, 7, 8, 9, 10, 11, 12, 13, 14, 15, 16, 17, 18, 19, 20]
Scroe : [113.15, 22.13, 322.89, 309.43, 214.28, 211.7, 13.67, 308.58, 218.61, 305.28, 12.52, 220.99, 218.98, 221.72, 219.78, 9.38, 7.64, 210.64, 213.16, 207.25, 314.29, 214.7, 318.13, 116.83, 305.49]
Time taken to solve the MIP model : 0.0150 seconds
---------------------------------
