Can't find feasible solution

Number of initial container : 5
Number of new container : 20
Total number of containers : 25
Level_num : 9
Container_level : [8, 6, 3, 1, 1, 3, 6, 8, 6, 3, 9, 3, 8, 6, 8, 1, 6, 6, 1, 3, 8, 1, 6, 6, 8]
ideal_configuration : 
 [[6. 6. 8. 9. 0. 0.]
 [3. 6. 6. 8. 0. 0.]
 [1. 3. 6. 6. 8. 0.]
 [1. 1. 3. 6. 8. 8.]
 [1. 1. 3. 3. 6. 8.]]
Centroid : {8: (3.8333333333333335, 1.8333333333333333), 6: (2.0, 2.375), 3: (1.6, 1.2), 1: (0.4, 0.8), 9: (3.0, 4.0)}
Repeat number : 20
Original weight : [20.11, 10.83, 8.18, 12.4, 11.78, 11.32, 16.19, 10.68, 6.52, 15.22, 22.87, 20.68, 18.88, 10.3, 12.71, 12.63, 19.17, 16.25, 22.84, 13.21, 17.44, 20.59, 13.53, 17.87, 21.28]
Group : [3, 2, 1, 0, 0, 1, 2, 3, 2, 1, 3, 1, 3, 2, 3, 0, 2, 2, 0, 1, 3, 0, 2, 2, 3]
Sequence : [0, 0, 0, 0, 0, 1, 2, 3, 4, 5, 6, 7, 8, 9, 10, 11, 12, 13, 14, 15, 16, 17, 18, 19, 20]
Scroe : [320.11, 210.83, 108.18, 12.4, 11.78, 111.32, 216.19, 310.68, 206.52, 115.22, 322.87, 120.68, 318.88, 210.3, 312.71, 12.63, 219.17000000000002, 216.25, 22.84, 113.21000000000001, 317.44, 20.59, 213.53, 217.87, 321.28]
Time taken to solve the MIP model : 0.0156 seconds
---------------------------------
