Can't find feasible solution

Number of initial container : 5
Number of new container : 20
Total number of containers : 25
Level_num : 9
Container_level : [6, 3, 3, 3, 1, 6, 1, 3, 1, 9, 6, 3, 6, 1, 3, 6, 3, 8, 1, 8, 8, 1, 8, 1, 3]
ideal_configuration : 
 [[3. 6. 8. 9. 0. 0.]
 [1. 3. 6. 8. 0. 0.]
 [1. 3. 3. 6. 8. 0.]
 [1. 1. 3. 3. 6. 8.]
 [1. 1. 1. 3. 3. 6.]]
Centroid : {6: (3.0, 2.0), 3: (2.0, 1.625), 1: (0.5714285714285714, 1.0), 9: (3.0, 4.0), 8: (3.5, 2.5)}
Repeat number : 1
Original weight : [13.83, 21.24, 22.95, 12.01, 8.97, 13.8, 21.93, 19.91, 8.08, 22.11, 21.64, 19.81, 20.97, 18.78, 22.39, 18.46, 10.09, 16.84, 12.69, 7.89, 14.6, 19.89, 8.71, 6.76, 13.08]
Group : [2, 1, 1, 1, 0, 2, 0, 1, 0, 3, 2, 1, 2, 0, 1, 2, 1, 3, 0, 3, 3, 0, 3, 0, 1]
Sequence : [0, 0, 0, 0, 0, 1, 2, 3, 4, 5, 6, 7, 8, 9, 10, 11, 12, 13, 14, 15, 16, 17, 18, 19, 20]
Scroe : [213.83, 121.24, 122.95, 112.01, 8.97, 213.8, 21.93, 119.91, 8.08, 322.11, 221.64, 119.81, 220.97, 18.78, 122.39, 218.46, 110.09, 316.84, 12.69, 307.89, 314.6, 19.89, 308.71, 6.76, 113.08]
Time taken to solve the MIP model : 0.0150 seconds
---------------------------------
