Can't find feasible solution

Number of initial container : 5
Number of new container : 20
Total number of containers : 25
Level_num : 9
Container_level : [8, 3, 6, 1, 1, 6, 3, 3, 1, 6, 6, 6, 6, 8, 1, 9, 1, 8, 6, 1, 1, 3, 6, 8, 6]
ideal_configuration : 
 [[3. 6. 8. 9. 0. 0.]
 [1. 6. 6. 8. 0. 0.]
 [1. 3. 6. 6. 8. 0.]
 [1. 1. 3. 6. 6. 8.]
 [1. 1. 1. 3. 6. 6.]]
Centroid : {8: (3.5, 2.5), 3: (1.5, 1.75), 6: (2.7777777777777777, 1.7777777777777777), 1: (0.5714285714285714, 1.0), 9: (3.0, 4.0)}
Repeat number : 29
Original weight : [6.97, 12.92, 13.96, 6.73, 20.27, 20.83, 23.01, 10.18, 20.9, 8.15, 15.61, 22.81, 10.59, 10.77, 18.34, 22.36, 20.46, 13.94, 19.89, 6.59, 9.67, 11.95, 15.24, 6.05, 5.27]
Group : [3, 1, 2, 0, 0, 2, 1, 1, 0, 2, 2, 2, 2, 3, 0, 3, 0, 3, 2, 0, 0, 1, 2, 3, 2]
Sequence : [0, 0, 0, 0, 0, 1, 2, 3, 4, 5, 6, 7, 8, 9, 10, 11, 12, 13, 14, 15, 16, 17, 18, 19, 20]
Scroe : [306.97, 112.92, 213.96, 6.73, 20.27, 220.82999999999998, 123.01, 110.18, 20.9, 208.15, 215.61, 222.81, 210.59, 310.77, 18.34, 322.36, 20.46, 313.94, 219.89, 6.59, 9.67, 111.95, 215.24, 306.05, 205.27]
Time taken to solve the MIP model : 0.0000 seconds
---------------------------------
