Can't find feasible solution

Number of initial container : 10
Number of new container : 10
Total number of containers : 20
Level_num : 9
Container_level : [4, 8, 1, 7, 8, 7, 5, 7, 1, 8, 6, 4, 9, 4, 6, 2, 4, 4, 4, 1]
ideal_configuration : 
 [[7. 0. 0. 0. 0. 0. 0. 0. 0. 0.]
 [5. 8. 0. 0. 0. 0. 0. 0. 0. 0.]
 [4. 6. 8. 0. 0. 0. 0. 0. 0. 0.]
 [2. 4. 6. 8. 0. 0. 0. 0. 0. 0.]
 [1. 4. 4. 7. 9. 0. 0. 0. 0. 0.]
 [1. 1. 4. 4. 7. 0. 0. 0. 0. 0.]]
Centroid : {4: (2.5, 1.1666666666666667), 8: (3.0, 3.0), 1: (1.3333333333333333, 0.3333333333333333), 7: (3.3333333333333335, 2.0), 5: (1.0, 4.0), 6: (2.5, 2.5), 9: (5.0, 1.0), 2: (1.0, 2.0)}
Repeat number : 27
Original weight : [14.29, 22.36, 8.44, 21.01, 23.32, 21.66, 16.24, 20.39, 9.51, 22.52, 18.03, 15.76, 23.75, 14.92, 18.25, 11.81, 16.01, 14.37, 15.66, 8.98]
Group : [0, 0, 0, 0, 0, 0, 0, 0, 0, 0, 0, 0, 0, 0, 0, 0, 0, 0, 0, 0]
Sequence : [0, 0, 0, 0, 0, 0, 0, 0, 0, 0, 1, 2, 3, 4, 5, 6, 7, 8, 9, 10]
Scroe : [14.29, 22.36, 8.44, 21.01, 23.32, 21.66, 16.24, 20.39, 9.51, 22.52, 18.03, 15.76, 23.75, 14.92, 18.25, 11.81, 16.01, 14.37, 15.66, 8.98]
Time taken to solve the MIP model : 0.0130 seconds
---------------------------------
