Can't find feasible solution

Number of initial container : 10
Number of new container : 10
Total number of containers : 20
Level_num : 9
Container_level : [1, 4, 7, 6, 4, 7, 5, 4, 1, 3, 9, 2, 5, 6, 3, 5, 8, 1, 7, 7]
ideal_configuration : 
 [[7. 0. 0. 0. 0. 0. 0. 0. 0. 0.]
 [5. 7. 0. 0. 0. 0. 0. 0. 0. 0.]
 [4. 5. 7. 0. 0. 0. 0. 0. 0. 0.]
 [2. 4. 6. 8. 0. 0. 0. 0. 0. 0.]
 [1. 3. 4. 6. 9. 0. 0. 0. 0. 0.]
 [1. 1. 3. 5. 7. 0. 0. 0. 0. 0.]]
Centroid : {1: (1.3333333333333333, 0.3333333333333333), 4: (2.0, 2.0), 7: (2.75, 3.0), 6: (3.5, 1.5), 5: (2.3333333333333335, 2.3333333333333335), 3: (2.5, 0.5), 9: (5.0, 1.0), 2: (1.0, 2.0), 8: (4.0, 2.0)}
Repeat number : 28
Original weight : [5.94, 13.42, 20.38, 18.47, 13.31, 18.86, 14.67, 12.47, 6.62, 10.48, 23.24, 8.82, 14.62, 18.39, 11.86, 15.7, 23.11, 5.4, 19.02, 20.48]
Group : [0, 0, 0, 0, 0, 0, 0, 0, 0, 0, 0, 0, 0, 0, 0, 0, 0, 0, 0, 0]
Sequence : [0, 0, 0, 0, 0, 0, 0, 0, 0, 0, 1, 2, 3, 4, 5, 6, 7, 8, 9, 10]
Scroe : [5.94, 13.42, 20.38, 18.47, 13.31, 18.86, 14.67, 12.47, 6.62, 10.48, 23.24, 8.82, 14.62, 18.39, 11.86, 15.7, 23.11, 5.4, 19.02, 20.48]
Time taken to solve the MIP model : 0.0465 seconds
---------------------------------
