Can't find feasible solution

Number of initial container : 10
Number of new container : 10
Total number of containers : 20
Level_num : 9
Container_level : [6, 5, 1, 9, 1, 2, 3, 6, 2, 4, 8, 7, 2, 2, 4, 2, 4, 3, 2, 4]
ideal_configuration : 
 [[6. 0. 0. 0. 0. 0. 0. 0. 0. 0.]
 [4. 6. 0. 0. 0. 0. 0. 0. 0. 0.]
 [2. 4. 7. 0. 0. 0. 0. 0. 0. 0.]
 [2. 2. 4. 8. 0. 0. 0. 0. 0. 0.]
 [1. 2. 3. 4. 9. 0. 0. 0. 0. 0.]
 [1. 2. 2. 3. 5. 0. 0. 0. 0. 0.]]
Centroid : {6: (1.5, 4.5), 5: (5.0, 0.0), 1: (1.0, 0.5), 9: (5.0, 1.0), 2: (1.8333333333333333, 1.3333333333333333), 3: (3.5, 0.5), 4: (2.5, 2.5), 8: (4.0, 2.0), 7: (3.0, 3.0)}
Repeat number : 13
Original weight : [18.99, 16.85, 9.69, 23.55, 8.57, 11.93, 13.31, 18.26, 10.49, 15.6, 22.18, 20.46, 11.41, 10.7, 15.1, 11.0, 15.91, 12.49, 10.45, 14.84]
Group : [0, 0, 0, 0, 0, 0, 0, 0, 0, 0, 0, 0, 0, 0, 0, 0, 0, 0, 0, 0]
Sequence : [0, 0, 0, 0, 0, 0, 0, 0, 0, 0, 1, 2, 3, 4, 5, 6, 7, 8, 9, 10]
Scroe : [18.99, 16.85, 9.69, 23.55, 8.57, 11.93, 13.31, 18.26, 10.49, 15.6, 22.18, 20.46, 11.41, 10.7, 15.1, 11.0, 15.91, 12.49, 10.45, 14.84]
Time taken to solve the MIP model : 0.0130 seconds
---------------------------------
