Can't find feasible solution

Number of initial container : 10
Number of new container : 10
Total number of containers : 20
Level_num : 9
Container_level : [7, 2, 8, 6, 7, 1, 3, 5, 6, 6, 2, 3, 4, 9, 1, 5, 8, 7, 8, 7]
ideal_configuration : 
 [[7. 0. 0. 0. 0. 0. 0. 0. 0. 0.]
 [6. 8. 0. 0. 0. 0. 0. 0. 0. 0.]
 [4. 6. 8. 0. 0. 0. 0. 0. 0. 0.]
 [2. 5. 7. 8. 0. 0. 0. 0. 0. 0.]
 [1. 3. 5. 7. 9. 0. 0. 0. 0. 0.]
 [1. 2. 3. 6. 7. 0. 0. 0. 0. 0.]]
Centroid : {7: (3.25, 2.0), 2: (1.5, 1.0), 8: (3.0, 3.0), 6: (2.3333333333333335, 2.3333333333333335), 1: (1.0, 0.5), 3: (2.5, 0.5), 5: (2.5, 1.5), 4: (1.0, 3.0), 9: (5.0, 1.0)}
Repeat number : 15
Original weight : [21.3, 9.83, 23.09, 18.57, 20.78, 6.81, 12.06, 15.33, 17.67, 18.78, 9.81, 11.35, 14.35, 23.6, 6.14, 15.71, 22.0, 21.0, 22.52, 21.26]
Group : [0, 0, 0, 0, 0, 0, 0, 0, 0, 0, 0, 0, 0, 0, 0, 0, 0, 0, 0, 0]
Sequence : [0, 0, 0, 0, 0, 0, 0, 0, 0, 0, 1, 2, 3, 4, 5, 6, 7, 8, 9, 10]
Scroe : [21.3, 9.83, 23.09, 18.57, 20.78, 6.81, 12.06, 15.33, 17.67, 18.78, 9.81, 11.35, 14.35, 23.6, 6.14, 15.71, 22.0, 21.0, 22.52, 21.26]
Time taken to solve the MIP model : 0.0169 seconds
---------------------------------
