Can't find feasible solution

Number of initial container : 10
Number of new container : 10
Total number of containers : 20
Level_num : 9
Container_level : [3, 2, 8, 7, 8, 7, 9, 1, 8, 5, 8, 8, 7, 7, 1, 1, 3, 5, 1, 8]
ideal_configuration : 
 [[8. 0. 0. 0. 0. 0. 0. 0. 0. 0.]
 [7. 8. 0. 0. 0. 0. 0. 0. 0. 0.]
 [3. 7. 8. 0. 0. 0. 0. 0. 0. 0.]
 [1. 5. 7. 8. 0. 0. 0. 0. 0. 0.]
 [1. 2. 5. 8. 9. 0. 0. 0. 0. 0.]
 [1. 1. 3. 7. 8. 0. 0. 0. 0. 0.]]
Centroid : {3: (2.0, 1.5), 2: (2.0, 1.0), 8: (3.1666666666666665, 2.5), 7: (2.5, 2.25), 9: (5.0, 1.0), 1: (1.25, 0.75), 5: (2.5, 1.5)}
Repeat number : 14
Original weight : [12.22, 9.05, 20.88, 19.58, 22.33, 20.39, 22.35, 7.68, 22.15, 15.53, 22.08, 20.8, 20.2, 19.94, 8.76, 8.07, 12.28, 16.3, 6.86, 20.91]
Group : [0, 0, 0, 0, 0, 0, 0, 0, 0, 0, 0, 0, 0, 0, 0, 0, 0, 0, 0, 0]
Sequence : [0, 0, 0, 0, 0, 0, 0, 0, 0, 0, 1, 2, 3, 4, 5, 6, 7, 8, 9, 10]
Scroe : [12.22, 9.05, 20.88, 19.58, 22.33, 20.39, 22.35, 7.68, 22.15, 15.53, 22.08, 20.8, 20.2, 19.94, 8.76, 8.07, 12.28, 16.3, 6.86, 20.91]
Time taken to solve the MIP model : 0.0130 seconds
---------------------------------
