Can't find feasible solution

Number of initial container : 10
Number of new container : 10
Total number of containers : 20
Level_num : 9
Container_level : [3, 1, 4, 2, 2, 1, 9, 8, 1, 8, 2, 4, 7, 7, 4, 4, 4, 8, 1, 6]
ideal_configuration : 
 [[7. 0. 0. 0. 0. 0. 0. 0. 0. 0.]
 [4. 8. 0. 0. 0. 0. 0. 0. 0. 0.]
 [2. 4. 8. 0. 0. 0. 0. 0. 0. 0.]
 [1. 3. 4. 8. 0. 0. 0. 0. 0. 0.]
 [1. 2. 4. 6. 9. 0. 0. 0. 0. 0.]
 [1. 1. 2. 4. 7. 0. 0. 0. 0. 0.]]
Centroid : {3: (2.0, 2.0), 1: (1.25, 0.75), 4: (2.6, 2.0), 2: (2.0, 1.3333333333333333), 9: (5.0, 1.0), 8: (3.0, 3.0), 7: (3.0, 2.5), 6: (4.0, 1.0)}
Repeat number : 12
Original weight : [12.51, 9.77, 13.99, 10.62, 11.57, 8.15, 23.01, 21.27, 9.47, 22.02, 10.73, 14.86, 19.36, 20.44, 13.92, 14.78, 14.15, 22.17, 9.78, 18.48]
Group : [0, 0, 0, 0, 0, 0, 0, 0, 0, 0, 0, 0, 0, 0, 0, 0, 0, 0, 0, 0]
Sequence : [0, 0, 0, 0, 0, 0, 0, 0, 0, 0, 1, 2, 3, 4, 5, 6, 7, 8, 9, 10]
Scroe : [12.51, 9.77, 13.99, 10.62, 11.57, 8.15, 23.01, 21.27, 9.47, 22.02, 10.73, 14.86, 19.36, 20.44, 13.92, 14.78, 14.15, 22.17, 9.78, 18.48]
Time taken to solve the MIP model : 0.0229 seconds
---------------------------------
