Can't find feasible solution

Number of initial container : 10
Number of new container : 10
Total number of containers : 20
Level_num : 9
Container_level : [1, 8, 8, 6, 6, 4, 2, 8, 1, 5, 5, 8, 9, 6, 3, 6, 6, 7, 2, 1]
ideal_configuration : 
 [[8. 0. 0. 0. 0. 0. 0. 0. 0. 0.]
 [6. 8. 0. 0. 0. 0. 0. 0. 0. 0.]
 [4. 6. 8. 0. 0. 0. 0. 0. 0. 0.]
 [2. 5. 6. 8. 0. 0. 0. 0. 0. 0.]
 [1. 2. 5. 6. 9. 0. 0. 0. 0. 0.]
 [1. 1. 3. 6. 7. 0. 0. 0. 0. 0.]]
Centroid : {1: (1.3333333333333333, 0.3333333333333333), 8: (2.5, 3.5), 6: (2.8, 2.0), 4: (1.0, 3.0), 2: (1.5, 1.5), 5: (2.5, 1.5), 9: (5.0, 1.0), 3: (3.0, 0.0), 7: (5.0, 0.0)}
Repeat number : 7
Original weight : [5.8, 21.62, 21.78, 18.37, 17.55, 14.15, 10.01, 21.68, 7.08, 14.82, 16.86, 23.3, 23.76, 18.58, 11.89, 18.54, 18.4, 19.57, 9.66, 7.8]
Group : [0, 0, 0, 0, 0, 0, 0, 0, 0, 0, 0, 0, 0, 0, 0, 0, 0, 0, 0, 0]
Sequence : [0, 0, 0, 0, 0, 0, 0, 0, 0, 0, 1, 2, 3, 4, 5, 6, 7, 8, 9, 10]
Scroe : [5.8, 21.62, 21.78, 18.37, 17.55, 14.15, 10.01, 21.68, 7.08, 14.82, 16.86, 23.3, 23.76, 18.58, 11.89, 18.54, 18.4, 19.57, 9.66, 7.8]
Time taken to solve the MIP model : 0.0100 seconds
---------------------------------
