Can't find feasible solution

Number of initial container : 10
Number of new container : 10
Total number of containers : 20
Level_num : 9
Container_level : [8, 5, 3, 8, 3, 7, 1, 3, 1, 1, 4, 7, 5, 2, 9, 2, 8, 2, 1, 6]
ideal_configuration : 
 [[7. 0. 0. 0. 0. 0. 0. 0. 0. 0.]
 [4. 8. 0. 0. 0. 0. 0. 0. 0. 0.]
 [2. 5. 8. 0. 0. 0. 0. 0. 0. 0.]
 [1. 3. 5. 8. 0. 0. 0. 0. 0. 0.]
 [1. 2. 3. 6. 9. 0. 0. 0. 0. 0.]
 [1. 1. 2. 3. 7. 0. 0. 0. 0. 0.]]
Centroid : {8: (3.0, 3.0), 5: (2.5, 2.5), 3: (3.0, 1.0), 7: (3.0, 2.5), 1: (1.25, 0.75), 4: (1.0, 4.0), 2: (2.0, 1.3333333333333333), 9: (5.0, 1.0), 6: (4.0, 1.0)}
Repeat number : 4
Original weight : [21.08, 13.8, 11.25, 20.58, 11.52, 19.71, 5.19, 10.55, 5.91, 5.94, 12.93, 18.35, 15.19, 7.76, 22.14, 8.18, 20.25, 8.92, 5.61, 17.34]
Group : [0, 0, 0, 0, 0, 0, 0, 0, 0, 0, 0, 0, 0, 0, 0, 0, 0, 0, 0, 0]
Sequence : [0, 0, 0, 0, 0, 0, 0, 0, 0, 0, 1, 2, 3, 4, 5, 6, 7, 8, 9, 10]
Scroe : [21.08, 13.8, 11.25, 20.58, 11.52, 19.71, 5.19, 10.55, 5.91, 5.94, 12.93, 18.35, 15.19, 7.76, 22.14, 8.18, 20.25, 8.92, 5.61, 17.34]
Time taken to solve the MIP model : 0.0130 seconds
---------------------------------
