Can't find feasible solution

Number of initial container : 10
Number of new container : 10
Total number of containers : 20
Level_num : 9
Container_level : [3, 6, 7, 9, 2, 6, 5, 7, 3, 3, 8, 6, 1, 2, 6, 8, 3, 7, 2, 6]
ideal_configuration : 
 [[7. 0. 0. 0. 0. 0. 0. 0. 0. 0.]
 [6. 7. 0. 0. 0. 0. 0. 0. 0. 0.]
 [3. 6. 8. 0. 0. 0. 0. 0. 0. 0.]
 [2. 3. 6. 8. 0. 0. 0. 0. 0. 0.]
 [2. 3. 5. 6. 9. 0. 0. 0. 0. 0.]
 [1. 2. 3. 6. 7. 0. 0. 0. 0. 0.]]
Centroid : {3: (2.0, 1.5), 6: (2.8, 2.0), 7: (2.6666666666666665, 3.0), 9: (5.0, 1.0), 2: (1.3333333333333333, 1.0), 5: (3.0, 1.0), 8: (3.5, 2.5), 1: (1.0, 0.0)}
Repeat number : 26
Original weight : [12.12, 17.6, 20.73, 23.03, 9.26, 16.98, 15.74, 19.15, 10.07, 10.33, 22.64, 17.33, 5.66, 9.51, 17.18, 21.97, 10.21, 19.68, 8.02, 17.04]
Group : [0, 0, 0, 0, 0, 0, 0, 0, 0, 0, 0, 0, 0, 0, 0, 0, 0, 0, 0, 0]
Sequence : [0, 0, 0, 0, 0, 0, 0, 0, 0, 0, 1, 2, 3, 4, 5, 6, 7, 8, 9, 10]
Scroe : [12.12, 17.6, 20.73, 23.03, 9.26, 16.98, 15.74, 19.15, 10.07, 10.33, 22.64, 17.33, 5.66, 9.51, 17.18, 21.97, 10.21, 19.68, 8.02, 17.04]
Time taken to solve the MIP model : 0.0221 seconds
---------------------------------
