Can't find feasible solution

Number of initial container : 10
Number of new container : 10
Total number of containers : 20
Level_num : 9
Container_level : [2, 8, 6, 3, 1, 1, 1, 7, 4, 3, 1, 6, 3, 9, 3, 6, 2, 1, 2, 1]
ideal_configuration : 
 [[6. 0. 0. 0. 0. 0. 0. 0. 0. 0.]
 [3. 6. 0. 0. 0. 0. 0. 0. 0. 0.]
 [2. 3. 7. 0. 0. 0. 0. 0. 0. 0.]
 [1. 2. 3. 8. 0. 0. 0. 0. 0. 0.]
 [1. 1. 2. 4. 9. 0. 0. 0. 0. 0.]
 [1. 1. 1. 3. 6. 0. 0. 0. 0. 0.]]
Centroid : {2: (2.0, 2.0), 8: (4.0, 2.0), 6: (2.6666666666666665, 3.0), 3: (2.5, 2.25), 1: (1.6666666666666667, 0.6666666666666666), 7: (3.0, 3.0), 4: (4.0, 1.0), 9: (5.0, 1.0)}
Repeat number : 3
Original weight : [9.18, 21.86, 17.45, 11.05, 6.49, 6.16, 5.5, 19.76, 12.11, 11.56, 7.51, 16.62, 10.89, 22.16, 11.3, 16.01, 8.4, 5.7, 8.07, 6.8]
Group : [0, 0, 0, 0, 0, 0, 0, 0, 0, 0, 0, 0, 0, 0, 0, 0, 0, 0, 0, 0]
Sequence : [0, 0, 0, 0, 0, 0, 0, 0, 0, 0, 1, 2, 3, 4, 5, 6, 7, 8, 9, 10]
Scroe : [9.18, 21.86, 17.45, 11.05, 6.49, 6.16, 5.5, 19.76, 12.11, 11.56, 7.51, 16.62, 10.89, 22.16, 11.3, 16.01, 8.4, 5.7, 8.07, 6.8]
Time taken to solve the MIP model : 0.0728 seconds
---------------------------------
