Can't find feasible solution

Number of initial container : 15
Number of new container : 8
Total number of containers : 23
Level_num : 9
Container_level : [1, 6, 3, 6, 6, 3, 9, 3, 3, 8, 3, 3, 1, 3, 8, 8, 6, 3, 3, 3, 1, 3, 1]
ideal_configuration : 
 [[3. 6. 8. 0. 0. 0.]
 [3. 3. 6. 8. 0. 0.]
 [1. 3. 3. 6. 9. 0.]
 [1. 3. 3. 3. 6. 0.]
 [1. 1. 3. 3. 3. 8.]]
Centroid : {1: (0.25, 0.75), 6: (2.5, 2.5), 3: (1.7272727272727273, 1.5454545454545454), 9: (4.0, 2.0), 8: (3.3333333333333335, 2.3333333333333335)}
Repeat number : 18
Original weight : [15.28, 20.99, 10.42, 8.81, 17.56, 18.54, 22.59, 21.08, 14.53, 15.9, 22.88, 12.86, 7.3, 10.93, 16.68, 19.58, 6.65, 9.55, 22.07, 23.21, 9.45, 14.82, 9.16]
Group : [0, 2, 1, 2, 2, 1, 3, 1, 1, 3, 1, 1, 0, 1, 3, 3, 2, 1, 1, 1, 0, 1, 0]
Sequence : [0, 0, 0, 0, 0, 0, 0, 0, 0, 0, 0, 0, 0, 0, 0, 1, 2, 3, 4, 5, 6, 7, 8]
Scroe : [15.28, 220.99, 110.42, 208.81, 217.56, 118.53999999999999, 322.59, 121.08, 114.53, 315.9, 122.88, 112.86, 7.3, 110.93, 316.68, 319.58, 206.65, 109.55, 122.07, 123.21000000000001, 9.45, 114.82, 9.16]
Time taken to solve the MIP model : 0.0000 seconds
---------------------------------
