Can't find feasible solution

Number of initial container : 15
Number of new container : 8
Total number of containers : 23
Level_num : 9
Container_level : [1, 3, 3, 6, 3, 6, 6, 8, 1, 1, 1, 6, 6, 6, 1, 3, 3, 8, 1, 9, 6, 6, 6]
ideal_configuration : 
 [[3. 6. 8. 0. 0. 0.]
 [3. 6. 6. 8. 0. 0.]
 [1. 3. 6. 6. 9. 0.]
 [1. 1. 3. 6. 6. 0.]
 [1. 1. 1. 3. 6. 6.]]
Centroid : {1: (0.6666666666666666, 0.6666666666666666), 3: (1.2, 2.0), 6: (2.7777777777777777, 1.7777777777777777), 8: (2.5, 3.5), 9: (4.0, 2.0)}
Repeat number : 24
Original weight : [22.96, 11.75, 7.91, 18.53, 16.36, 15.34, 6.14, 7.53, 6.47, 15.19, 7.25, 18.01, 23.99, 15.3, 11.47, 7.03, 14.82, 7.59, 14.04, 9.18, 19.64, 19.69, 18.25]
Group : [0, 1, 1, 2, 1, 2, 2, 3, 0, 0, 0, 2, 2, 2, 0, 1, 1, 3, 0, 3, 2, 2, 2]
Sequence : [0, 0, 0, 0, 0, 0, 0, 0, 0, 0, 0, 0, 0, 0, 0, 1, 2, 3, 4, 5, 6, 7, 8]
Scroe : [22.96, 111.75, 107.91, 218.53, 116.36, 215.34, 206.14, 307.53, 6.47, 15.19, 7.25, 218.01, 223.99, 215.3, 11.47, 107.03, 114.82, 307.59, 14.04, 309.18, 219.64, 219.69, 218.25]
Time taken to solve the MIP model : 0.0156 seconds
---------------------------------
