Can't find feasible solution

Number of initial container : 15
Number of new container : 8
Total number of containers : 23
Level_num : 9
Container_level : [9, 3, 6, 1, 1, 8, 1, 1, 6, 6, 6, 6, 6, 6, 3, 8, 6, 3, 3, 8, 1, 3, 8]
ideal_configuration : 
 [[6. 6. 8. 0. 0. 0.]
 [3. 6. 6. 8. 0. 0.]
 [1. 3. 6. 6. 9. 0.]
 [1. 1. 3. 6. 8. 0.]
 [1. 1. 3. 3. 6. 8.]]
Centroid : {9: (4.0, 2.0), 3: (1.6, 1.2), 6: (2.0, 2.375), 1: (0.4, 0.8), 8: (3.5, 2.0)}
Repeat number : 15
Original weight : [16.97, 10.62, 22.45, 21.75, 19.58, 16.67, 6.66, 22.01, 7.62, 13.34, 7.09, 22.98, 14.96, 8.39, 9.57, 14.88, 19.39, 15.89, 21.05, 8.21, 10.16, 8.03, 15.67]
Group : [3, 1, 2, 0, 0, 3, 0, 0, 2, 2, 2, 2, 2, 2, 1, 3, 2, 1, 1, 3, 0, 1, 3]
Sequence : [0, 0, 0, 0, 0, 0, 0, 0, 0, 0, 0, 0, 0, 0, 0, 1, 2, 3, 4, 5, 6, 7, 8]
Scroe : [316.97, 110.62, 222.45, 21.75, 19.58, 316.67, 6.66, 22.01, 207.62, 213.34, 207.09, 222.98, 214.96, 208.39, 109.57, 314.88, 219.39, 115.89, 121.05, 308.21, 10.16, 108.03, 315.67]
Time taken to solve the MIP model : 0.0156 seconds
---------------------------------
