Can't find feasible solution

Number of initial container : 15
Number of new container : 8
Total number of containers : 23
Level_num : 9
Container_level : [3, 8, 1, 3, 6, 3, 9, 1, 8, 6, 6, 6, 8, 3, 8, 3, 1, 8, 3, 1, 1, 1, 6]
ideal_configuration : 
 [[3. 6. 8. 0. 0. 0.]
 [3. 3. 6. 8. 0. 0.]
 [1. 3. 6. 8. 9. 0.]
 [1. 1. 3. 6. 8. 0.]
 [1. 1. 1. 3. 6. 8.]]
Centroid : {3: (1.1666666666666667, 2.1666666666666665), 8: (3.4, 2.0), 1: (0.6666666666666666, 0.6666666666666666), 6: (2.4, 2.0), 9: (4.0, 2.0)}
Repeat number : 2
Original weight : [16.56, 10.16, 20.35, 20.13, 12.13, 17.55, 21.29, 16.38, 12.8, 14.69, 18.02, 14.23, 6.68, 23.82, 14.72, 23.04, 10.99, 14.39, 13.52, 15.52, 5.36, 14.79, 22.17]
Group : [1, 3, 0, 1, 2, 1, 3, 0, 3, 2, 2, 2, 3, 1, 3, 1, 0, 3, 1, 0, 0, 0, 2]
Sequence : [0, 0, 0, 0, 0, 0, 0, 0, 0, 0, 0, 0, 0, 0, 0, 1, 2, 3, 4, 5, 6, 7, 8]
Scroe : [116.56, 310.16, 20.35, 120.13, 212.13, 117.55, 321.29, 16.38, 312.8, 214.69, 218.02, 214.23, 306.68, 123.82, 314.72, 123.03999999999999, 10.99, 314.39, 113.52, 15.52, 5.36, 14.79, 222.17000000000002]
Time taken to solve the MIP model : 0.0000 seconds
---------------------------------
