Can't find feasible solution

Number of initial container : 15
Number of new container : 8
Total number of containers : 23
Level_num : 9
Container_level : [1, 1, 6, 1, 6, 1, 6, 9, 1, 1, 3, 1, 8, 3, 1, 6, 1, 1, 3, 8, 6, 1, 3]
ideal_configuration : 
 [[1. 6. 8. 0. 0. 0.]
 [1. 3. 6. 8. 0. 0.]
 [1. 1. 3. 6. 9. 0.]
 [1. 1. 1. 3. 6. 0.]
 [1. 1. 1. 1. 3. 6.]]
Centroid : {1: (0.9090909090909091, 1.2727272727272727), 6: (3.0, 2.0), 9: (4.0, 2.0), 3: (2.5, 1.5), 8: (2.5, 3.5)}
Repeat number : 16
Original weight : [17.86, 11.66, 11.46, 21.66, 17.64, 22.67, 23.46, 15.9, 6.65, 23.97, 9.13, 7.71, 9.86, 15.53, 18.1, 7.28, 7.58, 16.06, 19.87, 6.48, 21.0, 16.04, 17.99]
Group : [0, 0, 2, 0, 2, 0, 2, 3, 0, 0, 1, 0, 3, 1, 0, 2, 0, 0, 1, 3, 2, 0, 1]
Sequence : [0, 0, 0, 0, 0, 0, 0, 0, 0, 0, 0, 0, 0, 0, 0, 1, 2, 3, 4, 5, 6, 7, 8]
Scroe : [17.86, 11.66, 211.46, 21.66, 217.64, 22.67, 223.46, 315.9, 6.65, 23.97, 109.13, 7.71, 309.86, 115.53, 18.1, 207.28, 7.58, 16.06, 119.87, 306.48, 221.0, 16.04, 117.99]
Time taken to solve the MIP model : 0.0000 seconds
---------------------------------
