Can't find feasible solution

Number of initial container : 15
Number of new container : 8
Total number of containers : 23
Level_num : 9
Container_level : [8, 8, 3, 3, 6, 8, 9, 8, 1, 8, 8, 6, 1, 1, 6, 1, 1, 6, 1, 6, 3, 8, 3]
ideal_configuration : 
 [[6. 8. 8. 0. 0. 0.]
 [3. 6. 8. 8. 0. 0.]
 [1. 3. 6. 8. 9. 0.]
 [1. 1. 3. 6. 8. 0.]
 [1. 1. 1. 3. 6. 8.]]
Centroid : {8: (2.857142857142857, 2.4285714285714284), 3: (1.5, 1.5), 6: (2.0, 2.0), 9: (4.0, 2.0), 1: (0.6666666666666666, 0.6666666666666666)}
Repeat number : 30
Original weight : [5.11, 8.34, 17.94, 7.05, 14.19, 5.69, 21.51, 6.1, 10.19, 5.1, 15.06, 23.22, 23.54, 9.64, 20.04, 11.12, 7.24, 8.35, 15.44, 9.95, 11.0, 7.38, 18.92]
Group : [3, 3, 1, 1, 2, 3, 3, 3, 0, 3, 3, 2, 0, 0, 2, 0, 0, 2, 0, 2, 1, 3, 1]
Sequence : [0, 0, 0, 0, 0, 0, 0, 0, 0, 0, 0, 0, 0, 0, 0, 1, 2, 3, 4, 5, 6, 7, 8]
Scroe : [305.11, 308.34, 117.94, 107.05, 214.19, 305.69, 321.51, 306.1, 10.19, 305.1, 315.06, 223.22, 23.54, 9.64, 220.04, 11.12, 7.24, 208.35, 15.44, 209.95, 111.0, 307.38, 118.92]
Time taken to solve the MIP model : 0.0000 seconds
---------------------------------
