Can't find feasible solution

Number of initial container : 15
Number of new container : 8
Total number of containers : 23
Level_num : 9
Container_level : [6, 6, 8, 3, 3, 6, 3, 3, 8, 1, 8, 1, 8, 3, 6, 8, 9, 3, 5, 3, 6, 8, 8]
ideal_configuration : 
 [[6. 8. 8. 0. 0. 0.]
 [3. 6. 8. 8. 0. 0.]
 [3. 3. 6. 8. 9. 0.]
 [1. 3. 3. 6. 8. 0.]
 [1. 3. 3. 5. 6. 8.]]
Centroid : {6: (2.0, 2.0), 8: (2.857142857142857, 2.4285714285714284), 3: (1.0, 1.2857142857142858), 1: (0.0, 0.5), 9: (4.0, 2.0), 5: (3.0, 0.0)}
Repeat number : 7
Original weight : [14.08, 12.81, 18.53, 5.33, 17.72, 16.1, 13.85, 10.27, 19.6, 22.79, 18.36, 13.27, 13.73, 20.14, 9.16, 17.98, 22.4, 10.46, 5.53, 20.68, 10.08, 21.43, 21.06]
Group : [2, 2, 3, 1, 1, 2, 1, 1, 3, 0, 3, 0, 3, 1, 2, 3, 3, 1, 2, 1, 2, 3, 3]
Sequence : [0, 0, 0, 0, 0, 0, 0, 0, 0, 0, 0, 0, 0, 0, 0, 1, 2, 3, 4, 5, 6, 7, 8]
Scroe : [214.08, 212.81, 318.53, 105.33, 117.72, 216.1, 113.85, 110.27, 319.6, 22.79, 318.36, 13.27, 313.73, 120.14, 209.16, 317.98, 322.4, 110.46000000000001, 205.53, 120.68, 210.08, 321.43, 321.06]
Time taken to solve the MIP model : 0.0000 seconds
---------------------------------
