Can't find feasible solution

Number of initial container : 15
Number of new container : 8
Total number of containers : 23
Level_num : 9
Container_level : [6, 3, 3, 3, 3, 3, 6, 1, 8, 8, 1, 6, 3, 6, 1, 3, 3, 3, 3, 3, 9, 1, 6]
ideal_configuration : 
 [[3. 6. 8. 0. 0. 0.]
 [3. 3. 6. 8. 0. 0.]
 [1. 3. 3. 6. 9. 0.]
 [1. 3. 3. 3. 6. 0.]
 [1. 1. 3. 3. 3. 6.]]
Centroid : {6: (3.0, 2.0), 3: (1.7272727272727273, 1.5454545454545454), 1: (0.25, 0.75), 8: (2.5, 3.5), 9: (4.0, 2.0)}
Repeat number : 8
Original weight : [16.07, 5.93, 14.95, 21.09, 15.44, 17.44, 10.49, 15.67, 9.59, 7.69, 15.21, 13.6, 18.39, 22.42, 16.95, 8.3, 11.25, 13.41, 16.62, 13.79, 18.36, 6.33, 23.51]
Group : [2, 1, 1, 1, 1, 1, 2, 0, 3, 3, 0, 2, 1, 2, 0, 1, 1, 1, 1, 1, 3, 0, 2]
Sequence : [0, 0, 0, 0, 0, 0, 0, 0, 0, 0, 0, 0, 0, 0, 0, 1, 2, 3, 4, 5, 6, 7, 8]
Scroe : [216.07, 105.93, 114.95, 121.09, 115.44, 117.44, 210.49, 15.67, 309.59, 307.69, 15.21, 213.6, 118.39, 222.42000000000002, 16.95, 108.3, 111.25, 113.41, 116.62, 113.78999999999999, 318.36, 6.33, 223.51]
Time taken to solve the MIP model : 0.0000 seconds
---------------------------------
