Can't find feasible solution

Number of initial container : 15
Number of new container : 5
Total number of containers : 20
Level_num : 9
Container_level : [8, 5, 3, 3, 8, 3, 3, 1, 4, 4, 7, 8, 6, 6, 5, 2, 5, 6, 1, 9]
ideal_configuration : 
 [[5. 7. 0. 0. 0. 0.]
 [3. 5. 8. 0. 0. 0.]
 [3. 4. 6. 8. 0. 0.]
 [1. 3. 4. 6. 8. 0.]
 [1. 2. 3. 5. 6. 9.]]
Centroid : {8: (4.0, 2.0), 5: (2.3333333333333335, 2.3333333333333335), 3: (1.75, 1.5), 1: (1.0, 0.5), 4: (2.5, 1.5), 7: (2.0, 4.0), 6: (4.0, 1.0), 2: (2.0, 0.0), 9: (6.0, 0.0)}
Repeat number : 5
Original weight : [21.66, 15.22, 10.42, 10.35, 22.44, 10.43, 10.29, 7.64, 13.03, 14.56, 19.68, 22.78, 18.17, 18.81, 14.82, 8.95, 16.7, 18.82, 5.87, 23.29]
Sequence : [0, 0, 0, 0, 0, 0, 0, 0, 0, 0, 0, 0, 0, 0, 0, 1, 2, 3, 4, 5]
Emergency : [0, 0, 0, 0, 0, 0, 0, 0, 0, 0, 0, 0, 0, 0, 0, 0, 0, 0, 0, 0]
Time taken to solve the MIP model : 0.0184 seconds
---------------------------------
