Can't find feasible solution

Number of initial container : 15
Number of new container : 5
Total number of containers : 20
Level_num : 9
Container_level : [6, 8, 1, 1, 4, 1, 7, 6, 9, 5, 8, 1, 7, 5, 5, 1, 3, 1, 8, 3]
ideal_configuration : 
 [[5. 7. 0. 0. 0. 0.]
 [3. 5. 8. 0. 0. 0.]
 [1. 3. 6. 8. 0. 0.]
 [1. 1. 4. 6. 8. 0.]
 [1. 1. 1. 5. 7. 9.]]
Centroid : {6: (3.5, 1.5), 8: (4.0, 2.0), 1: (1.6666666666666667, 0.6666666666666666), 4: (3.0, 1.0), 7: (3.5, 2.0), 9: (6.0, 0.0), 5: (2.3333333333333335, 2.3333333333333335), 3: (1.5, 2.5)}
Repeat number : 19
Original weight : [16.19, 21.17, 5.86, 5.76, 11.58, 5.25, 19.6, 17.3, 22.09, 13.75, 20.35, 5.05, 19.1, 15.45, 14.64, 6.94, 9.76, 6.9, 20.61, 10.63]
Sequence : [0, 0, 0, 0, 0, 0, 0, 0, 0, 0, 0, 0, 0, 0, 0, 1, 2, 3, 4, 5]
Emergency : [0, 0, 0, 0, 0, 0, 0, 0, 0, 0, 0, 0, 0, 0, 0, 0, 0, 0, 0, 0]
Time taken to solve the MIP model : 0.0081 seconds
---------------------------------
