Can't find feasible solution

Number of initial container : 15
Number of new container : 5
Total number of containers : 20
Level_num : 9
Container_level : [5, 6, 5, 8, 4, 2, 3, 8, 1, 6, 1, 8, 7, 2, 1, 2, 4, 8, 9, 5]
ideal_configuration : 
 [[5. 8. 0. 0. 0. 0.]
 [3. 5. 8. 0. 0. 0.]
 [2. 4. 6. 8. 0. 0.]
 [1. 2. 4. 6. 8. 0.]
 [1. 1. 2. 5. 7. 9.]]
Centroid : {5: (2.3333333333333335, 2.3333333333333335), 6: (3.5, 1.5), 8: (3.5, 2.5), 4: (2.5, 1.5), 2: (2.0, 1.0), 3: (1.0, 3.0), 1: (1.3333333333333333, 0.3333333333333333), 7: (5.0, 0.0), 9: (6.0, 0.0)}
Repeat number : 24
Original weight : [15.93, 15.95, 14.99, 22.08, 12.81, 9.56, 11.44, 21.74, 7.47, 16.53, 5.6, 21.27, 18.17, 7.77, 5.63, 8.19, 12.23, 22.12, 22.14, 14.49]
Sequence : [0, 0, 0, 0, 0, 0, 0, 0, 0, 0, 0, 0, 0, 0, 0, 1, 2, 3, 4, 5]
Emergency : [0, 0, 0, 0, 0, 0, 0, 0, 0, 0, 0, 0, 0, 0, 0, 0, 0, 0, 0, 0]
Time taken to solve the MIP model : 0.0084 seconds
---------------------------------
