Can't find feasible solution

Number of initial container : 15
Number of new container : 5
Total number of containers : 20
Level_num : 9
Container_level : [8, 8, 1, 2, 7, 1, 8, 7, 9, 7, 1, 5, 2, 6, 5, 4, 7, 3, 5, 1]
ideal_configuration : 
 [[5. 7. 0. 0. 0. 0.]
 [3. 6. 8. 0. 0. 0.]
 [1. 4. 7. 8. 0. 0.]
 [1. 2. 5. 7. 8. 0.]
 [1. 1. 2. 5. 7. 9.]]
Centroid : {8: (4.0, 2.0), 1: (1.25, 0.75), 2: (2.5, 0.5), 7: (3.5, 1.75), 9: (6.0, 0.0), 5: (2.6666666666666665, 1.6666666666666667), 6: (2.0, 3.0), 4: (2.0, 2.0), 3: (1.0, 3.0)}
Repeat number : 2
Original weight : [22.48, 22.53, 6.18, 9.3, 19.83, 6.42, 21.92, 20.51, 23.08, 19.92, 6.26, 15.76, 8.15, 18.26, 14.63, 12.12, 19.61, 11.28, 15.67, 5.47]
Sequence : [0, 0, 0, 0, 0, 0, 0, 0, 0, 0, 0, 0, 0, 0, 0, 1, 2, 3, 4, 5]
Emergency : [0, 0, 0, 0, 0, 0, 0, 0, 0, 0, 0, 0, 0, 0, 0, 0, 0, 0, 0, 0]
Time taken to solve the MIP model : 0.0116 seconds
---------------------------------
