Can't find feasible solution

Number of initial container : 15
Number of new container : 5
Total number of containers : 20
Level_num : 9
Container_level : [4, 1, 5, 1, 3, 5, 2, 1, 1, 3, 6, 1, 9, 8, 7, 6, 4, 3, 6, 2]
ideal_configuration : 
 [[4. 6. 0. 0. 0. 0.]
 [2. 4. 6. 0. 0. 0.]
 [1. 3. 5. 7. 0. 0.]
 [1. 1. 3. 5. 8. 0.]
 [1. 1. 2. 3. 6. 9.]]
Centroid : {4: (1.5, 3.5), 1: (1.4, 0.8), 5: (3.5, 1.5), 3: (3.0, 1.0), 2: (2.0, 1.5), 6: (3.3333333333333335, 2.3333333333333335), 9: (6.0, 0.0), 8: (5.0, 1.0), 7: (4.0, 2.0)}
Repeat number : 27
Original weight : [14.06, 6.07, 16.26, 7.77, 11.4, 15.69, 10.42, 6.72, 6.99, 10.94, 17.57, 6.56, 23.52, 23.02, 20.04, 18.59, 14.47, 11.68, 19.12, 9.12]
Sequence : [0, 0, 0, 0, 0, 0, 0, 0, 0, 0, 0, 0, 0, 0, 0, 1, 2, 3, 4, 5]
Emergency : [0, 0, 0, 0, 0, 0, 0, 0, 0, 0, 0, 0, 0, 0, 0, 0, 0, 0, 0, 0]
Time taken to solve the MIP model : 0.0064 seconds
---------------------------------
