Can't find feasible solution

Number of initial container : 15
Number of new container : 5
Total number of containers : 20
Level_num : 9
Container_level : [3, 4, 5, 4, 2, 8, 3, 5, 4, 8, 1, 6, 1, 9, 8, 2, 5, 3, 3, 7]
ideal_configuration : 
 [[4. 7. 0. 0. 0. 0.]
 [3. 5. 8. 0. 0. 0.]
 [2. 3. 5. 8. 0. 0.]
 [1. 3. 4. 5. 8. 0.]
 [1. 2. 3. 4. 6. 9.]]
Centroid : {3: (2.0, 1.5), 4: (2.6666666666666665, 1.6666666666666667), 5: (3.0, 2.0), 2: (1.5, 1.0), 8: (4.0, 2.0), 1: (1.0, 0.5), 6: (5.0, 0.0), 9: (6.0, 0.0), 7: (2.0, 4.0)}
Repeat number : 29
Original weight : [10.7, 12.7, 15.38, 14.0, 9.95, 20.94, 10.54, 15.12, 13.56, 20.97, 5.98, 16.93, 7.87, 22.48, 22.15, 8.61, 15.0, 10.58, 10.92, 18.8]
Sequence : [0, 0, 0, 0, 0, 0, 0, 0, 0, 0, 0, 0, 0, 0, 0, 1, 2, 3, 4, 5]
Emergency : [0, 0, 0, 0, 0, 0, 0, 0, 0, 0, 0, 0, 0, 0, 0, 0, 0, 0, 0, 0]
Time taken to solve the MIP model : 0.0176 seconds
---------------------------------
