Can't find feasible solution

Number of initial container : 5
Number of new container : 20
Total number of containers : 25
Level_num : 9
Container_level : [7, 9, 8, 6, 7, 4, 2, 5, 1, 2, 4, 6, 3, 4, 2, 6, 8, 8, 6, 1, 1, 3, 8, 5, 5]
ideal_configuration : 
 [[4. 6. 8. 9. 0. 0.]
 [3. 5. 6. 8. 0. 0.]
 [2. 3. 5. 6. 8. 0.]
 [1. 2. 4. 5. 7. 8.]
 [1. 1. 2. 4. 6. 7.]]
Centroid : {7: (5.5, 0.5), 9: (4.0, 4.0), 8: (4.5, 2.5), 6: (3.5, 2.25), 4: (2.6666666666666665, 1.6666666666666667), 2: (2.0, 1.0), 5: (3.0, 2.0), 1: (1.3333333333333333, 0.3333333333333333), 3: (1.5, 2.5)}
Repeat number : 28
Original weight : [18.93, 22.86, 21.48, 17.72, 18.53, 13.6, 9.0, 14.68, 6.54, 7.61, 12.85, 16.79, 10.36, 12.31, 8.59, 17.97, 22.15, 22.29, 16.94, 5.12, 5.64, 9.79, 20.86, 15.03, 14.34]
Sequence : [0, 0, 0, 0, 0, 1, 2, 3, 4, 5, 6, 7, 8, 9, 10, 11, 12, 13, 14, 15, 16, 17, 18, 19, 20]
Emergency : [0, 0, 0, 0, 0, 0, 0, 0, 0, 0, 0, 0, 0, 0, 0, 0, 0, 0, 0, 0, 0, 0, 0, 0, 0]
Time taken to solve the MIP model : 0.0088 seconds
---------------------------------
