Can't find feasible solution

Number of initial container : 5
Number of new container : 20
Total number of containers : 25
Level_num : 9
Container_level : [8, 5, 6, 5, 5, 3, 5, 8, 5, 8, 4, 6, 2, 1, 8, 1, 1, 3, 7, 7, 7, 2, 7, 9, 5]
ideal_configuration : 
 [[5. 6. 8. 9. 0. 0.]
 [3. 5. 7. 8. 0. 0.]
 [2. 4. 5. 7. 8. 0.]
 [1. 2. 5. 5. 7. 8.]
 [1. 1. 3. 5. 6. 7.]]
Centroid : {8: (4.5, 2.5), 5: (2.8333333333333335, 1.8333333333333333), 6: (3.5, 2.0), 3: (2.0, 1.5), 4: (2.0, 2.0), 2: (1.5, 1.5), 1: (1.3333333333333333, 0.3333333333333333), 7: (4.5, 1.5), 9: (4.0, 4.0)}
Repeat number : 27
Original weight : [22.52, 14.86, 17.88, 14.74, 15.8, 10.31, 15.25, 22.61, 15.59, 23.18, 14.2, 17.27, 7.81, 6.7, 21.9, 5.02, 5.32, 11.13, 19.22, 19.87, 19.92, 8.74, 21.05, 23.46, 14.43]
Sequence : [0, 0, 0, 0, 0, 1, 2, 3, 4, 5, 6, 7, 8, 9, 10, 11, 12, 13, 14, 15, 16, 17, 18, 19, 20]
Emergency : [0, 0, 0, 0, 0, 0, 0, 0, 0, 0, 0, 0, 0, 0, 0, 0, 0, 0, 0, 0, 0, 0, 0, 0, 0]
Time taken to solve the MIP model : 0.0094 seconds
---------------------------------
