Can't find feasible solution

Number of initial container : 5
Number of new container : 20
Total number of containers : 25
Level_num : 9
Container_level : [3, 5, 2, 3, 6, 4, 2, 4, 3, 5, 1, 3, 5, 4, 1, 1, 2, 9, 7, 8, 8, 5, 3, 4, 6]
ideal_configuration : 
 [[3. 5. 6. 9. 0. 0.]
 [3. 4. 5. 7. 0. 0.]
 [2. 3. 4. 5. 8. 0.]
 [1. 2. 3. 4. 5. 8.]
 [1. 1. 2. 3. 4. 6.]]
Centroid : {3: (2.2, 2.0), 5: (3.5, 2.5), 2: (2.0, 1.0), 6: (4.5, 2.0), 4: (3.5, 1.5), 1: (1.3333333333333333, 0.3333333333333333), 9: (4.0, 4.0), 7: (4.0, 3.0), 8: (5.5, 1.5)}
Repeat number : 24
Original weight : [12.16, 16.8, 8.26, 10.85, 18.59, 13.26, 9.4, 12.73, 11.87, 15.79, 7.99, 11.5, 15.13, 13.48, 5.82, 6.28, 9.36, 23.63, 20.83, 21.94, 21.45, 16.34, 12.48, 13.42, 18.58]
Sequence : [0, 0, 0, 0, 0, 1, 2, 3, 4, 5, 6, 7, 8, 9, 10, 11, 12, 13, 14, 15, 16, 17, 18, 19, 20]
Emergency : [0, 0, 0, 0, 0, 0, 0, 0, 0, 0, 0, 0, 0, 0, 0, 0, 0, 0, 0, 0, 0, 0, 0, 0, 0]
Time taken to solve the MIP model : 0.0092 seconds
---------------------------------
