Can't find feasible solution

Number of initial container : 5
Number of new container : 20
Total number of containers : 25
Level_num : 9
Container_level : [6, 1, 2, 8, 8, 8, 8, 7, 8, 8, 5, 5, 5, 3, 6, 6, 8, 6, 5, 9, 2, 4, 3, 5, 6]
ideal_configuration : 
 [[5. 6. 8. 9. 0. 0.]
 [5. 6. 7. 8. 0. 0.]
 [3. 5. 6. 8. 8. 0.]
 [2. 3. 5. 6. 8. 8.]
 [1. 2. 4. 5. 6. 8.]]
Centroid : {6: (3.2, 2.0), 1: (1.0, 0.0), 2: (1.5, 0.5), 8: (4.714285714285714, 1.8571428571428572), 7: (3.0, 3.0), 5: (2.2, 2.0), 3: (1.5, 1.5), 9: (4.0, 4.0), 4: (3.0, 0.0)}
Repeat number : 12
Original weight : [16.54, 5.48, 7.77, 22.71, 21.03, 21.8, 21.74, 19.28, 21.17, 21.97, 14.37, 15.87, 16.2, 10.15, 18.16, 16.69, 21.93, 17.07, 15.68, 22.84, 7.99, 13.03, 10.15, 15.33, 18.12]
Sequence : [0, 0, 0, 0, 0, 1, 2, 3, 4, 5, 6, 7, 8, 9, 10, 11, 12, 13, 14, 15, 16, 17, 18, 19, 20]
Emergency : [0, 0, 0, 0, 0, 0, 0, 0, 0, 0, 0, 0, 0, 0, 0, 0, 0, 0, 0, 0, 0, 0, 0, 0, 0]
Time taken to solve the MIP model : 0.0100 seconds
---------------------------------
