Can't find feasible solution

Number of initial container : 5
Number of new container : 20
Total number of containers : 25
Level_num : 9
Container_level : [2, 1, 6, 8, 3, 2, 9, 6, 3, 8, 6, 3, 5, 8, 2, 3, 4, 4, 4, 5, 1, 6, 4, 8, 1]
ideal_configuration : 
 [[4. 5. 8. 9. 0. 0.]
 [3. 4. 6. 8. 0. 0.]
 [2. 3. 4. 6. 8. 0.]
 [1. 2. 3. 4. 6. 8.]
 [1. 1. 2. 3. 5. 6.]]
Centroid : {2: (2.0, 1.0), 1: (1.3333333333333333, 0.3333333333333333), 6: (4.5, 1.5), 8: (4.5, 2.5), 3: (2.5, 1.5), 9: (4.0, 4.0), 5: (3.5, 2.0), 4: (2.5, 2.5)}
Repeat number : 5
Original weight : [8.31, 6.42, 16.61, 21.09, 11.82, 7.38, 23.24, 17.0, 11.58, 22.77, 18.35, 11.84, 15.07, 22.6, 8.28, 10.19, 12.42, 13.04, 12.94, 16.03, 5.98, 18.24, 12.8, 21.78, 5.06]
Sequence : [0, 0, 0, 0, 0, 1, 2, 3, 4, 5, 6, 7, 8, 9, 10, 11, 12, 13, 14, 15, 16, 17, 18, 19, 20]
Emergency : [0, 0, 0, 0, 0, 0, 0, 0, 0, 0, 0, 0, 0, 0, 0, 0, 0, 0, 0, 0, 0, 0, 0, 0, 0]
Time taken to solve the MIP model : 0.0030 seconds
---------------------------------
