Can't find feasible solution

Number of initial container : 5
Number of new container : 20
Total number of containers : 25
Level_num : 9
Container_level : [1, 8, 7, 2, 1, 1, 7, 1, 7, 1, 8, 5, 3, 5, 9, 4, 7, 6, 4, 6, 4, 2, 2, 2, 1]
ideal_configuration : 
 [[3. 5. 7. 9. 0. 0.]
 [2. 4. 6. 7. 0. 0.]
 [1. 2. 4. 6. 8. 0.]
 [1. 1. 2. 4. 7. 8.]
 [1. 1. 1. 2. 5. 7.]]
Centroid : {1: (1.6666666666666667, 0.6666666666666666), 8: (5.5, 1.5), 7: (4.5, 2.0), 2: (2.5, 1.5), 5: (3.5, 2.0), 3: (1.0, 4.0), 9: (4.0, 4.0), 4: (3.0, 2.0), 6: (3.5, 2.5)}
Repeat number : 15
Original weight : [6.82, 21.4, 21.05, 8.2, 6.27, 7.6, 19.62, 6.17, 20.55, 5.71, 23.11, 15.9, 10.45, 16.77, 23.55, 13.49, 20.53, 18.95, 12.57, 18.02, 12.75, 8.97, 9.76, 9.95, 7.13]
Sequence : [0, 0, 0, 0, 0, 1, 2, 3, 4, 5, 6, 7, 8, 9, 10, 11, 12, 13, 14, 15, 16, 17, 18, 19, 20]
Emergency : [0, 0, 0, 0, 0, 0, 0, 0, 0, 0, 0, 0, 0, 0, 0, 0, 0, 0, 0, 0, 0, 0, 0, 0, 0]
Time taken to solve the MIP model : 0.0381 seconds
---------------------------------
