Can't find feasible solution

Number of initial container : 5
Number of new container : 20
Total number of containers : 25
Level_num : 9
Container_level : [2, 2, 9, 8, 1, 1, 5, 4, 6, 5, 5, 2, 8, 7, 1, 7, 3, 5, 5, 1, 6, 2, 7, 2, 7]
ideal_configuration : 
 [[4. 5. 7. 9. 0. 0.]
 [2. 5. 6. 7. 0. 0.]
 [1. 2. 5. 6. 8. 0.]
 [1. 2. 2. 5. 7. 8.]
 [1. 1. 2. 3. 5. 7.]]
Centroid : {2: (2.2, 1.4), 9: (4.0, 4.0), 8: (5.5, 1.5), 1: (1.25, 0.75), 5: (3.2, 2.0), 4: (1.0, 4.0), 6: (3.5, 2.5), 7: (4.5, 2.0), 3: (4.0, 0.0)}
Repeat number : 11
Original weight : [10.08, 8.5, 22.56, 21.16, 7.76, 8.17, 16.06, 12.42, 16.8, 15.38, 16.23, 10.03, 21.07, 19.35, 6.35, 19.07, 12.22, 16.0, 14.76, 6.33, 18.24, 9.58, 19.13, 9.03, 19.89]
Sequence : [0, 0, 0, 0, 0, 1, 2, 3, 4, 5, 6, 7, 8, 9, 10, 11, 12, 13, 14, 15, 16, 17, 18, 19, 20]
Emergency : [0, 0, 0, 0, 0, 0, 0, 0, 0, 0, 0, 0, 0, 0, 0, 0, 0, 0, 0, 0, 0, 0, 0, 0, 0]
Time taken to solve the MIP model : 0.0407 seconds
---------------------------------
