Can't find feasible solution

Number of initial container : 15
Number of new container : 10
Total number of containers : 25
Level_num : 9
Container_level : [6, 6, 3, 1, 1, 6, 4, 1, 6, 9, 1, 1, 8, 8, 3, 8, 1, 3, 3, 6, 3, 6, 8, 3, 3]
ideal_configuration : 
 [[3. 6. 8. 9. 0. 0.]
 [3. 3. 6. 8. 0. 0.]
 [1. 3. 3. 6. 8. 0.]
 [1. 1. 3. 4. 6. 8.]
 [1. 1. 1. 3. 6. 6.]]
Centroid : {6: (3.1666666666666665, 1.6666666666666667), 3: (1.2857142857142858, 2.142857142857143), 1: (0.6666666666666666, 0.6666666666666666), 4: (3.0, 1.0), 9: (3.0, 4.0), 8: (3.5, 2.5)}
Repeat number : 29
Original weight : [5.28, 15.29, 11.73, 20.25, 23.73, 9.62, 23.65, 16.14, 14.72, 18.11, 6.39, 20.19, 12.46, 7.67, 10.67, 16.27, 17.76, 17.25, 6.58, 7.3, 7.66, 23.93, 14.2, 9.82, 15.42]
Group : [2, 2, 1, 0, 0, 2, 1, 0, 2, 3, 0, 0, 3, 3, 1, 3, 0, 1, 1, 2, 1, 2, 3, 1, 1]
Sequence : [0, 0, 0, 0, 0, 0, 0, 0, 0, 0, 0, 0, 0, 0, 0, 1, 2, 3, 4, 5, 6, 7, 8, 9, 10]
Scroe : [205.28, 215.29, 111.73, 20.25, 23.73, 209.62, 123.65, 16.14, 214.72, 318.11, 6.39, 20.19, 312.46, 307.67, 110.67, 316.27, 17.76, 117.25, 106.58, 207.3, 107.66, 223.93, 314.2, 109.82, 115.42]
Time taken to solve the MIP model : 0.0060 seconds
---------------------------------
