Can't find feasible solution

Number of initial container : 15
Number of new container : 10
Total number of containers : 25
Level_num : 9
Container_level : [3, 3, 6, 1, 6, 1, 8, 8, 1, 3, 3, 3, 1, 9, 8, 3, 8, 1, 3, 3, 1, 1, 1, 8, 8]
ideal_configuration : 
 [[3. 3. 8. 9. 0. 0.]
 [1. 3. 6. 8. 0. 0.]
 [1. 1. 3. 6. 8. 0.]
 [1. 1. 3. 3. 8. 8.]
 [1. 1. 1. 3. 3. 8.]]
Centroid : {3: (2.0, 1.875), 6: (2.5, 2.5), 1: (0.625, 1.125), 8: (3.8333333333333335, 1.8333333333333333), 9: (3.0, 4.0)}
Repeat number : 6
Original weight : [18.81, 5.65, 18.38, 17.31, 22.53, 18.99, 12.99, 11.66, 11.23, 5.41, 7.37, 22.88, 22.92, 19.16, 13.66, 12.28, 18.64, 10.75, 11.3, 15.58, 20.77, 23.0, 17.71, 12.8, 17.91]
Group : [1, 1, 2, 0, 2, 0, 3, 3, 0, 1, 1, 1, 0, 3, 3, 1, 3, 0, 1, 1, 0, 0, 0, 3, 3]
Sequence : [0, 0, 0, 0, 0, 0, 0, 0, 0, 0, 0, 0, 0, 0, 0, 1, 2, 3, 4, 5, 6, 7, 8, 9, 10]
Scroe : [118.81, 105.65, 218.38, 17.31, 222.53, 18.99, 312.99, 311.66, 11.23, 105.41, 107.37, 122.88, 22.92, 319.16, 313.66, 112.28, 318.64, 10.75, 111.3, 115.58, 20.77, 23.0, 17.71, 312.8, 317.91]
Time taken to solve the MIP model : 0.0162 seconds
---------------------------------
