Can't find feasible solution

Number of initial container : 15
Number of new container : 10
Total number of containers : 25
Level_num : 9
Container_level : [3, 6, 1, 6, 1, 1, 4, 4, 6, 3, 1, 3, 6, 6, 3, 3, 6, 1, 1, 6, 1, 1, 4, 9, 1]
ideal_configuration : 
 [[3. 4. 6. 9. 0. 0.]
 [1. 3. 4. 6. 0. 0.]
 [1. 1. 3. 6. 6. 0.]
 [1. 1. 1. 3. 6. 6.]
 [1. 1. 1. 3. 4. 6.]]
Centroid : {3: (1.8, 2.0), 6: (3.7142857142857144, 1.8571428571428572), 1: (0.7777777777777778, 1.1111111111111112), 4: (2.3333333333333335, 2.3333333333333335), 9: (3.0, 4.0)}
Repeat number : 13
Original weight : [10.16, 8.32, 5.51, 23.82, 15.44, 16.24, 23.59, 23.04, 14.2, 6.4, 17.0, 5.74, 23.31, 8.88, 6.73, 12.47, 13.42, 8.94, 20.94, 13.71, 13.78, 23.45, 19.67, 5.27, 6.41]
Group : [1, 2, 0, 2, 0, 0, 1, 1, 2, 1, 0, 1, 2, 2, 1, 1, 2, 0, 0, 2, 0, 0, 1, 3, 0]
Sequence : [0, 0, 0, 0, 0, 0, 0, 0, 0, 0, 0, 0, 0, 0, 0, 1, 2, 3, 4, 5, 6, 7, 8, 9, 10]
Scroe : [110.16, 208.32, 5.51, 223.82, 15.44, 16.24, 123.59, 123.03999999999999, 214.2, 106.4, 17.0, 105.74, 223.31, 208.88, 106.73, 112.47, 213.42, 8.94, 20.94, 213.71, 13.78, 23.45, 119.67, 305.27, 6.41]
Time taken to solve the MIP model : 0.0150 seconds
---------------------------------
