Can't find feasible solution

Number of initial container : 15
Number of new container : 10
Total number of containers : 25
Level_num : 9
Container_level : [9, 3, 3, 8, 3, 3, 1, 1, 6, 1, 3, 3, 1, 1, 6, 8, 8, 3, 6, 6, 6, 6, 8, 8, 8]
ideal_configuration : 
 [[3. 6. 8. 9. 0. 0.]
 [3. 3. 6. 8. 0. 0.]
 [1. 3. 6. 6. 8. 0.]
 [1. 1. 3. 6. 8. 8.]
 [1. 1. 3. 3. 6. 8.]]
Centroid : {9: (3.0, 4.0), 3: (1.2857142857142858, 1.8571428571428572), 8: (3.8333333333333335, 1.8333333333333333), 1: (0.4, 0.8), 6: (2.5, 2.0)}
Repeat number : 19
Original weight : [21.78, 13.35, 12.03, 14.65, 15.02, 19.16, 16.61, 23.25, 10.0, 8.69, 12.45, 9.44, 5.39, 16.52, 19.0, 12.57, 10.26, 14.04, 16.33, 22.82, 16.08, 12.27, 5.72, 19.99, 19.64]
Group : [3, 1, 1, 3, 1, 1, 0, 0, 2, 0, 1, 1, 0, 0, 2, 3, 3, 1, 2, 2, 2, 2, 3, 3, 3]
Sequence : [0, 0, 0, 0, 0, 0, 0, 0, 0, 0, 0, 0, 0, 0, 0, 1, 2, 3, 4, 5, 6, 7, 8, 9, 10]
Scroe : [321.78, 113.35, 112.03, 314.65, 115.02, 119.16, 16.61, 23.25, 210.0, 8.69, 112.45, 109.44, 5.39, 16.52, 219.0, 312.57, 310.26, 114.03999999999999, 216.32999999999998, 222.82, 216.07999999999998, 212.27, 305.72, 319.99, 319.64]
Time taken to solve the MIP model : 0.0000 seconds
---------------------------------
