Can't find feasible solution

Number of initial container : 15
Number of new container : 10
Total number of containers : 25
Level_num : 9
Container_level : [3, 1, 6, 8, 3, 3, 1, 1, 3, 3, 9, 6, 3, 1, 6, 1, 6, 3, 1, 3, 1, 3, 8, 1, 1]
ideal_configuration : 
 [[3. 3. 6. 9. 0. 0.]
 [1. 3. 3. 6. 0. 0.]
 [1. 1. 3. 3. 8. 0.]
 [1. 1. 1. 3. 6. 8.]
 [1. 1. 1. 3. 3. 6.]]
Centroid : {3: (2.111111111111111, 2.111111111111111), 1: (0.7777777777777778, 1.1111111111111112), 6: (3.5, 2.0), 8: (4.5, 1.5), 9: (3.0, 4.0)}
Repeat number : 8
Original weight : [14.59, 5.46, 5.71, 6.33, 11.22, 8.98, 8.78, 12.42, 22.62, 9.86, 19.34, 17.24, 18.88, 11.68, 16.85, 5.99, 17.17, 14.08, 15.57, 22.4, 23.52, 17.06, 9.37, 16.37, 22.73]
Group : [1, 0, 2, 3, 1, 1, 0, 0, 1, 1, 3, 2, 1, 0, 2, 0, 2, 1, 0, 1, 0, 1, 3, 0, 0]
Sequence : [0, 0, 0, 0, 0, 0, 0, 0, 0, 0, 0, 0, 0, 0, 0, 1, 2, 3, 4, 5, 6, 7, 8, 9, 10]
Scroe : [114.59, 5.46, 205.71, 306.33, 111.22, 108.98, 8.78, 12.42, 122.62, 109.86, 319.34, 217.24, 118.88, 11.68, 216.85, 5.99, 217.17000000000002, 114.08, 15.57, 122.4, 23.52, 117.06, 309.37, 16.37, 22.73]
Time taken to solve the MIP model : 0.0000 seconds
---------------------------------
