Can't find feasible solution

Number of initial container : 15
Number of new container : 10
Total number of containers : 25
Level_num : 9
Container_level : [1, 1, 8, 1, 6, 3, 6, 8, 9, 1, 1, 3, 6, 8, 3, 6, 1, 8, 8, 1, 6, 1, 3, 6, 3]
ideal_configuration : 
 [[3. 6. 8. 9. 0. 0.]
 [1. 3. 6. 8. 0. 0.]
 [1. 1. 3. 6. 8. 0.]
 [1. 1. 3. 6. 6. 8.]
 [1. 1. 1. 3. 6. 8.]]
Centroid : {1: (0.625, 1.125), 8: (3.8, 2.0), 6: (2.8333333333333335, 1.8333333333333333), 3: (1.6, 2.0), 9: (3.0, 4.0)}
Repeat number : 4
Original weight : [19.02, 6.04, 5.61, 12.63, 14.19, 5.97, 17.52, 6.1, 22.29, 9.25, 6.46, 8.88, 5.81, 12.28, 16.03, 20.16, 14.88, 19.56, 16.86, 10.97, 5.65, 16.55, 19.8, 23.18, 23.66]
Group : [0, 0, 3, 0, 2, 1, 2, 3, 3, 0, 0, 1, 2, 3, 1, 2, 0, 3, 3, 0, 2, 0, 1, 2, 1]
Sequence : [0, 0, 0, 0, 0, 0, 0, 0, 0, 0, 0, 0, 0, 0, 0, 1, 2, 3, 4, 5, 6, 7, 8, 9, 10]
Scroe : [19.02, 6.04, 305.61, 12.63, 214.19, 105.97, 217.52, 306.1, 322.29, 9.25, 6.46, 108.88, 205.81, 312.28, 116.03, 220.16, 14.88, 319.56, 316.86, 10.97, 205.65, 16.55, 119.8, 223.18, 123.66]
Time taken to solve the MIP model : 0.0215 seconds
---------------------------------
