Can't find feasible solution

Number of initial container : 15
Number of new container : 10
Total number of containers : 25
Level_num : 9
Container_level : [3, 1, 1, 3, 1, 8, 1, 1, 3, 8, 6, 3, 1, 8, 3, 1, 3, 6, 6, 6, 8, 1, 9, 8, 6]
ideal_configuration : 
 [[3. 6. 8. 9. 0. 0.]
 [1. 3. 6. 8. 0. 0.]
 [1. 1. 3. 6. 8. 0.]
 [1. 1. 3. 3. 6. 8.]
 [1. 1. 1. 3. 6. 8.]]
Centroid : {3: (1.8333333333333333, 1.8333333333333333), 1: (0.625, 1.125), 8: (3.8, 2.0), 6: (2.8, 2.0), 9: (3.0, 4.0)}
Repeat number : 20
Original weight : [17.95, 10.63, 20.41, 7.88, 11.27, 14.34, 23.78, 22.45, 20.43, 8.88, 7.59, 16.07, 10.4, 13.8, 12.4, 22.81, 17.27, 22.92, 11.11, 11.22, 11.66, 11.9, 23.47, 6.2, 12.44]
Group : [1, 0, 0, 1, 0, 3, 0, 0, 1, 3, 2, 1, 0, 3, 1, 0, 1, 2, 2, 2, 3, 0, 3, 3, 2]
Sequence : [0, 0, 0, 0, 0, 0, 0, 0, 0, 0, 0, 0, 0, 0, 0, 1, 2, 3, 4, 5, 6, 7, 8, 9, 10]
Scroe : [117.95, 10.63, 20.41, 107.88, 11.27, 314.34, 23.78, 22.45, 120.43, 308.88, 207.59, 116.07, 10.4, 313.8, 112.4, 22.81, 117.27, 222.92000000000002, 211.11, 211.22, 311.66, 11.9, 323.47, 306.2, 212.44]
Time taken to solve the MIP model : 0.0150 seconds
---------------------------------
