Can't find feasible solution

Number of initial container : 15
Number of new container : 10
Total number of containers : 25
Level_num : 9
Container_level : [6, 8, 3, 3, 6, 8, 6, 8, 8, 6, 8, 9, 1, 3, 6, 3, 3, 1, 6, 3, 6, 6, 1, 1, 3]
ideal_configuration : 
 [[3. 6. 8. 9. 0. 0.]
 [3. 6. 6. 8. 0. 0.]
 [1. 3. 6. 6. 8. 0.]
 [1. 3. 3. 6. 6. 8.]
 [1. 1. 3. 3. 6. 8.]]
Centroid : {6: (2.5, 2.0), 8: (3.8, 2.0), 3: (1.2857142857142858, 1.5714285714285714), 9: (3.0, 4.0), 1: (0.25, 0.75)}
Repeat number : 17
Original weight : [16.65, 10.95, 15.86, 20.99, 11.2, 15.27, 22.15, 11.39, 10.19, 9.52, 12.45, 20.66, 9.0, 22.61, 21.43, 8.06, 20.23, 23.36, 11.64, 9.14, 11.16, 18.18, 7.99, 9.32, 9.87]
Group : [2, 3, 1, 1, 2, 3, 2, 3, 3, 2, 3, 3, 0, 1, 2, 1, 1, 0, 2, 1, 2, 2, 0, 0, 1]
Sequence : [0, 0, 0, 0, 0, 0, 0, 0, 0, 0, 0, 0, 0, 0, 0, 1, 2, 3, 4, 5, 6, 7, 8, 9, 10]
Scroe : [216.65, 310.95, 115.86, 120.99, 211.2, 315.27, 222.15, 311.39, 310.19, 209.52, 312.45, 320.66, 9.0, 122.61, 221.43, 108.06, 120.23, 23.36, 211.64, 109.14, 211.16, 218.18, 7.99, 9.32, 109.87]
Time taken to solve the MIP model : 0.0000 seconds
---------------------------------
