Can't find feasible solution

Number of initial container : 15
Number of new container : 10
Total number of containers : 25
Level_num : 9
Container_level : [8, 8, 8, 6, 3, 6, 1, 8, 3, 1, 8, 1, 8, 3, 9, 3, 3, 3, 3, 3, 6, 1, 6, 8, 8]
ideal_configuration : 
 [[3. 6. 8. 9. 0. 0.]
 [3. 3. 8. 8. 0. 0.]
 [1. 3. 6. 8. 8. 0.]
 [1. 3. 3. 6. 8. 8.]
 [1. 1. 3. 3. 6. 8.]]
Centroid : {8: (3.5, 2.0), 6: (2.5, 1.75), 3: (1.25, 1.75), 1: (0.25, 0.75), 9: (3.0, 4.0)}
Repeat number : 10
Original weight : [13.38, 8.9, 14.03, 15.13, 14.55, 5.43, 9.48, 18.0, 5.11, 14.61, 16.03, 23.85, 6.12, 23.42, 18.5, 7.62, 8.96, 7.56, 8.52, 16.24, 16.25, 21.84, 21.11, 12.25, 10.85]
Group : [3, 3, 3, 2, 1, 2, 0, 3, 1, 0, 3, 0, 3, 1, 3, 1, 1, 1, 1, 1, 2, 0, 2, 3, 3]
Sequence : [0, 0, 0, 0, 0, 0, 0, 0, 0, 0, 0, 0, 0, 0, 0, 1, 2, 3, 4, 5, 6, 7, 8, 9, 10]
Scroe : [313.38, 308.9, 314.03, 215.13, 114.55, 205.43, 9.48, 318.0, 105.11, 14.61, 316.03, 23.85, 306.12, 123.42, 318.5, 107.62, 108.96000000000001, 107.56, 108.52, 116.24, 216.25, 21.84, 221.11, 312.25, 310.85]
Time taken to solve the MIP model : 0.0178 seconds
---------------------------------
