Can't find feasible solution

Number of initial container : 15
Number of new container : 10
Total number of containers : 25
Level_num : 9
Container_level : [1, 1, 6, 6, 6, 6, 6, 1, 1, 6, 1, 3, 1, 3, 8, 8, 6, 3, 1, 6, 6, 1, 1, 9, 3]
ideal_configuration : 
 [[3. 6. 6. 9. 0. 0.]
 [1. 3. 6. 6. 0. 0.]
 [1. 1. 3. 6. 8. 0.]
 [1. 1. 1. 6. 6. 8.]
 [1. 1. 1. 3. 6. 6.]]
Centroid : {1: (0.7777777777777778, 1.1111111111111112), 6: (3.0, 2.0), 3: (1.5, 2.25), 8: (4.5, 1.5), 9: (3.0, 4.0)}
Repeat number : 30
Original weight : [18.96, 10.95, 11.18, 19.19, 11.13, 13.83, 20.48, 12.36, 8.31, 16.7, 11.7, 5.33, 9.24, 21.4, 15.41, 15.99, 17.04, 19.85, 7.64, 15.91, 15.92, 17.85, 10.57, 21.92, 14.17]
Group : [0, 0, 2, 2, 2, 2, 2, 0, 0, 2, 0, 1, 0, 1, 3, 3, 2, 1, 0, 2, 2, 0, 0, 3, 1]
Sequence : [0, 0, 0, 0, 0, 0, 0, 0, 0, 0, 0, 0, 0, 0, 0, 1, 2, 3, 4, 5, 6, 7, 8, 9, 10]
Scroe : [18.96, 10.95, 211.18, 219.19, 211.13, 213.83, 220.48, 12.36, 8.31, 216.7, 11.7, 105.33, 9.24, 121.4, 315.41, 315.99, 217.04, 119.85, 7.64, 215.91, 215.92, 17.85, 10.57, 321.92, 114.17]
Time taken to solve the MIP model : 0.0065 seconds
---------------------------------
