Can't find feasible solution

Number of initial container : 15
Number of new container : 10
Total number of containers : 25
Level_num : 9
Container_level : [8, 6, 6, 3, 3, 1, 1, 6, 8, 3, 8, 6, 3, 1, 8, 3, 1, 1, 1, 3, 6, 3, 3, 3, 9]
ideal_configuration : 
 [[3. 6. 8. 9. 0. 0.]
 [3. 3. 6. 8. 0. 0.]
 [1. 3. 3. 6. 8. 0.]
 [1. 1. 3. 3. 6. 8.]
 [1. 1. 1. 3. 3. 6.]]
Centroid : {8: (3.5, 2.5), 6: (3.0, 2.0), 3: (1.7777777777777777, 1.7777777777777777), 1: (0.6666666666666666, 0.6666666666666666), 9: (3.0, 4.0)}
Repeat number : 5
Original weight : [18.17, 15.88, 23.02, 19.2, 10.94, 19.56, 15.24, 15.97, 19.67, 10.58, 8.0, 21.7, 22.12, 16.32, 13.01, 23.99, 16.24, 19.15, 20.4, 23.59, 8.89, 16.01, 9.18, 15.84, 21.78]
Group : [3, 2, 2, 1, 1, 0, 0, 2, 3, 1, 3, 2, 1, 0, 3, 1, 0, 0, 0, 1, 2, 1, 1, 1, 3]
Sequence : [0, 0, 0, 0, 0, 0, 0, 0, 0, 0, 0, 0, 0, 0, 0, 1, 2, 3, 4, 5, 6, 7, 8, 9, 10]
Scroe : [318.17, 215.88, 223.02, 119.2, 110.94, 19.56, 15.24, 215.97, 319.67, 110.58, 308.0, 221.7, 122.12, 16.32, 313.01, 123.99, 16.24, 19.15, 20.4, 123.59, 208.89, 116.01, 109.18, 115.84, 321.78]
Time taken to solve the MIP model : 0.0068 seconds
---------------------------------
