Can't find feasible solution

Number of initial container : 15
Number of new container : 10
Total number of containers : 25
Level_num : 9
Container_level : [1, 3, 6, 3, 8, 8, 6, 1, 8, 8, 1, 3, 8, 1, 3, 9, 6, 6, 6, 3, 6, 8, 6, 3, 1]
ideal_configuration : 
 [[3. 6. 8. 9. 0. 0.]
 [3. 6. 6. 8. 0. 0.]
 [1. 3. 6. 6. 8. 0.]
 [1. 1. 3. 6. 8. 8.]
 [1. 1. 3. 3. 6. 8.]]
Centroid : {1: (0.4, 0.8), 3: (1.3333333333333333, 1.6666666666666667), 6: (2.2857142857142856, 2.142857142857143), 8: (3.8333333333333335, 1.8333333333333333), 9: (3.0, 4.0)}
Repeat number : 16
Original weight : [15.52, 20.29, 12.81, 13.56, 23.49, 5.21, 16.67, 8.35, 14.68, 17.94, 10.01, 12.33, 23.4, 17.21, 20.83, 23.96, 6.31, 21.57, 6.75, 7.8, 6.04, 10.76, 14.38, 6.74, 11.72]
Group : [0, 1, 2, 1, 3, 3, 2, 0, 3, 3, 0, 1, 3, 0, 1, 3, 2, 2, 2, 1, 2, 3, 2, 1, 0]
Sequence : [0, 0, 0, 0, 0, 0, 0, 0, 0, 0, 0, 0, 0, 0, 0, 1, 2, 3, 4, 5, 6, 7, 8, 9, 10]
Scroe : [15.52, 120.28999999999999, 212.81, 113.56, 323.49, 305.21, 216.67000000000002, 8.35, 314.68, 317.94, 10.01, 112.33, 323.4, 17.21, 120.83, 323.96, 206.31, 221.57, 206.75, 107.8, 206.04, 310.76, 214.38, 106.74, 11.72]
Time taken to solve the MIP model : 0.0000 seconds
---------------------------------
