Can't find feasible solution

Number of initial container : 15
Number of new container : 10
Total number of containers : 25
Level_num : 9
Container_level : [8, 9, 8, 3, 3, 6, 1, 6, 3, 1, 8, 1, 3, 8, 3, 3, 1, 6, 8, 8, 3, 1, 8, 1, 6]
ideal_configuration : 
 [[3. 6. 8. 9. 0. 0.]
 [3. 3. 6. 8. 0. 0.]
 [1. 3. 3. 8. 8. 0.]
 [1. 1. 3. 6. 8. 8.]
 [1. 1. 1. 3. 6. 8.]]
Centroid : {8: (3.7142857142857144, 1.8571428571428572), 9: (3.0, 4.0), 3: (1.2857142857142858, 2.142857142857143), 6: (2.5, 2.0), 1: (0.6666666666666666, 0.6666666666666666)}
Repeat number : 22
Original weight : [19.49, 21.42, 17.7, 22.91, 22.05, 6.15, 23.03, 17.46, 17.68, 13.31, 17.73, 10.88, 11.87, 13.79, 10.1, 7.68, 19.23, 12.02, 16.12, 16.99, 10.27, 14.48, 18.66, 15.06, 6.41]
Group : [3, 3, 3, 1, 1, 2, 0, 2, 1, 0, 3, 0, 1, 3, 1, 1, 0, 2, 3, 3, 1, 0, 3, 0, 2]
Sequence : [0, 0, 0, 0, 0, 0, 0, 0, 0, 0, 0, 0, 0, 0, 0, 1, 2, 3, 4, 5, 6, 7, 8, 9, 10]
Scroe : [319.49, 321.42, 317.7, 122.91, 122.05, 206.15, 23.03, 217.46, 117.68, 13.31, 317.73, 10.88, 111.87, 313.79, 110.1, 107.68, 19.23, 212.02, 316.12, 316.99, 110.27, 14.48, 318.66, 15.06, 206.41]
Time taken to solve the MIP model : 0.0000 seconds
---------------------------------
