Can't find feasible solution

Number of initial container : 5
Number of new container : 18
Total number of containers : 23
Level_num : 9
Container_level : [9, 6, 6, 1, 6, 8, 8, 1, 3, 8, 1, 8, 6, 3, 3, 1, 8, 3, 1, 6, 6, 8, 3]
ideal_configuration : 
 [[6. 6. 8. 0. 0. 0.]
 [3. 6. 8. 8. 0. 0.]
 [1. 3. 6. 8. 9. 0.]
 [1. 1. 3. 6. 8. 0.]
 [1. 1. 3. 3. 6. 8.]]
Centroid : {9: (4.0, 2.0), 6: (1.8333333333333333, 2.3333333333333335), 1: (0.4, 0.8), 8: (3.1666666666666665, 2.1666666666666665), 3: (1.6, 1.2)}
Repeat number : 7
Original weight : [19.17, 13.87, 9.52, 10.66, 6.61, 9.13, 6.24, 12.03, 18.65, 10.07, 8.83, 9.7, 20.98, 20.91, 13.31, 20.9, 11.2, 17.12, 20.41, 8.15, 11.56, 11.98, 23.72]
Group : [3, 2, 2, 0, 2, 3, 3, 0, 1, 3, 0, 3, 2, 1, 1, 0, 3, 1, 0, 2, 2, 3, 1]
Sequence : [0, 0, 0, 0, 0, 1, 2, 3, 4, 5, 6, 7, 8, 9, 10, 11, 12, 13, 14, 15, 16, 17, 18]
Scroe : [319.17, 213.87, 209.52, 10.66, 206.61, 309.13, 306.24, 12.03, 118.65, 310.07, 8.83, 309.7, 220.98, 120.91, 113.31, 20.9, 311.2, 117.12, 20.41, 208.15, 211.56, 311.98, 123.72]
Time taken to solve the MIP model : 0.0000 seconds
---------------------------------
