Can't find feasible solution

Number of initial container : 5
Number of new container : 18
Total number of containers : 23
Level_num : 9
Container_level : [8, 8, 6, 3, 6, 6, 6, 1, 6, 3, 3, 9, 6, 1, 3, 6, 3, 6, 6, 3, 3, 6, 8]
ideal_configuration : 
 [[6. 6. 8. 0. 0. 0.]
 [3. 6. 6. 8. 0. 0.]
 [3. 3. 6. 6. 9. 0.]
 [1. 3. 3. 6. 6. 0.]
 [1. 3. 3. 6. 6. 8.]]
Centroid : {8: (3.3333333333333335, 2.3333333333333335), 6: (2.3, 2.0), 3: (1.0, 1.2857142857142858), 1: (0.0, 0.5), 9: (4.0, 2.0)}
Repeat number : 25
Original weight : [12.26, 9.27, 21.88, 19.86, 20.1, 15.17, 9.35, 13.83, 9.64, 12.81, 9.44, 19.05, 10.96, 20.84, 7.46, 19.54, 22.84, 23.39, 20.29, 21.88, 13.16, 15.8, 14.71]
Group : [3, 3, 2, 1, 2, 2, 2, 0, 2, 1, 1, 3, 2, 0, 1, 2, 1, 2, 2, 1, 1, 2, 3]
Sequence : [0, 0, 0, 0, 0, 1, 2, 3, 4, 5, 6, 7, 8, 9, 10, 11, 12, 13, 14, 15, 16, 17, 18]
Scroe : [312.26, 309.27, 221.88, 119.86, 220.1, 215.17, 209.35, 13.83, 209.64, 112.81, 109.44, 319.05, 210.96, 20.84, 107.46, 219.54, 122.84, 223.39, 220.29, 121.88, 113.16, 215.8, 314.71]
Time taken to solve the MIP model : 0.0080 seconds
---------------------------------
