Can't find feasible solution

Number of initial container : 15
Number of new container : 10
Total number of containers : 25
Level_num : 9
Container_level : [7, 4, 2, 8, 8, 3, 5, 4, 1, 2, 5, 1, 8, 1, 4, 1, 4, 3, 9, 4, 3, 2, 8, 4, 5]
ideal_configuration : 
 [[4. 4. 8. 9. 0. 0.]
 [2. 4. 5. 8. 0. 0.]
 [1. 3. 4. 5. 8. 0.]
 [1. 2. 3. 4. 5. 8.]
 [1. 1. 2. 3. 4. 7.]]
Centroid : {7: (6.0, 0.0), 4: (2.8333333333333335, 2.3333333333333335), 2: (2.0, 1.3333333333333333), 8: (4.5, 2.5), 3: (3.0, 1.0), 5: (4.0, 2.0), 1: (1.25, 0.75), 9: (4.0, 4.0)}
Repeat number : 27
Original weight : [20.29, 13.83, 9.68, 21.9, 21.94, 11.28, 15.48, 14.06, 5.85, 9.28, 15.11, 6.85, 23.55, 6.86, 13.91, 5.32, 13.45, 10.81, 23.57, 14.19, 10.11, 9.64, 22.03, 12.37, 15.36]
Sequence : [0, 0, 0, 0, 0, 0, 0, 0, 0, 0, 0, 0, 0, 0, 0, 1, 2, 3, 4, 5, 6, 7, 8, 9, 10]
Emergency : [0, 0, 0, 0, 0, 0, 0, 0, 0, 0, 0, 0, 0, 0, 0, 0, 0, 0, 0, 0, 0, 0, 0, 0, 0]
Time taken to solve the MIP model : 0.0088 seconds
---------------------------------
