Can't find feasible solution

Number of initial container : 15
Number of new container : 10
Total number of containers : 25
Level_num : 9
Container_level : [6, 1, 2, 2, 5, 3, 6, 6, 1, 7, 4, 5, 6, 5, 7, 9, 3, 2, 3, 3, 5, 3, 7, 6, 5]
ideal_configuration : 
 [[4. 5. 6. 9. 0. 0.]
 [3. 5. 6. 7. 0. 0.]
 [2. 3. 5. 6. 7. 0.]
 [1. 2. 3. 5. 6. 7.]
 [1. 2. 3. 3. 5. 6.]]
Centroid : {6: (4.2, 2.0), 1: (1.0, 0.5), 2: (1.6666666666666667, 1.0), 5: (3.2, 2.0), 3: (2.6, 1.2), 7: (5.0, 2.0), 4: (1.0, 4.0), 9: (4.0, 4.0)}
Repeat number : 4
Original weight : [17.07, 5.15, 7.71, 8.34, 14.54, 10.83, 17.6, 18.29, 5.82, 20.61, 13.88, 14.94, 18.55, 14.53, 20.42, 23.48, 10.79, 8.86, 10.15, 10.67, 15.47, 11.13, 20.43, 17.5, 14.41]
Sequence : [0, 0, 0, 0, 0, 0, 0, 0, 0, 0, 0, 0, 0, 0, 0, 1, 2, 3, 4, 5, 6, 7, 8, 9, 10]
Emergency : [0, 0, 0, 0, 0, 0, 0, 0, 0, 0, 0, 0, 0, 0, 0, 0, 0, 0, 0, 0, 0, 0, 0, 0, 0]
Time taken to solve the MIP model : 0.0080 seconds
---------------------------------
