Can't find feasible solution

Number of initial container : 15
Number of new container : 10
Total number of containers : 25
Level_num : 9
Container_level : [1, 3, 6, 6, 3, 6, 7, 7, 4, 7, 9, 1, 8, 7, 7, 5, 1, 7, 4, 5, 7, 7, 2, 2, 5]
ideal_configuration : 
 [[5. 7. 7. 9. 0. 0.]
 [3. 5. 7. 7. 0. 0.]
 [2. 4. 6. 7. 7. 0.]
 [1. 2. 4. 6. 7. 8.]
 [1. 1. 3. 5. 6. 7.]]
Centroid : {1: (1.3333333333333333, 0.3333333333333333), 3: (2.0, 1.5), 6: (4.0, 1.0), 7: (4.0, 2.375), 4: (2.5, 1.5), 9: (4.0, 4.0), 8: (6.0, 1.0), 5: (2.3333333333333335, 2.3333333333333335), 2: (1.5, 1.5)}
Repeat number : 26
Original weight : [5.98, 12.29, 16.74, 17.46, 10.4, 17.46, 20.63, 19.89, 14.02, 20.34, 23.01, 6.92, 22.56, 20.8, 19.92, 14.77, 7.77, 19.41, 13.78, 16.24, 20.35, 20.57, 8.3, 10.17, 15.76]
Sequence : [0, 0, 0, 0, 0, 0, 0, 0, 0, 0, 0, 0, 0, 0, 0, 1, 2, 3, 4, 5, 6, 7, 8, 9, 10]
Emergency : [0, 0, 0, 0, 0, 0, 0, 0, 0, 0, 0, 0, 0, 0, 0, 0, 0, 0, 0, 0, 0, 0, 0, 0, 0]
Time taken to solve the MIP model : 0.0094 seconds
---------------------------------
