Can't find feasible solution

Number of initial container : 15
Number of new container : 10
Total number of containers : 25
Level_num : 9
Container_level : [7, 2, 1, 7, 3, 8, 7, 9, 7, 8, 1, 3, 4, 3, 1, 7, 1, 7, 1, 5, 1, 5, 2, 3, 6]
ideal_configuration : 
 [[3. 6. 7. 9. 0. 0.]
 [2. 3. 7. 7. 0. 0.]
 [1. 2. 4. 7. 8. 0.]
 [1. 1. 3. 5. 7. 8.]
 [1. 1. 1. 3. 5. 7.]]
Centroid : {7: (4.166666666666667, 2.1666666666666665), 2: (1.5, 2.5), 1: (1.6666666666666667, 0.6666666666666666), 3: (2.5, 2.0), 8: (5.5, 1.5), 9: (4.0, 4.0), 4: (3.0, 2.0), 5: (4.5, 0.5), 6: (2.0, 4.0)}
Repeat number : 24
Original weight : [20.97, 11.34, 8.93, 19.91, 13.9, 22.88, 20.88, 23.4, 21.06, 22.91, 10.04, 13.64, 14.55, 12.65, 9.16, 21.09, 9.71, 20.33, 9.82, 16.94, 9.14, 17.76, 11.77, 14.21, 18.33]
Sequence : [0, 0, 0, 0, 0, 0, 0, 0, 0, 0, 0, 0, 0, 0, 0, 1, 2, 3, 4, 5, 6, 7, 8, 9, 10]
Emergency : [0, 0, 0, 0, 0, 0, 0, 0, 0, 0, 0, 0, 0, 0, 0, 0, 0, 0, 0, 0, 0, 0, 0, 0, 0]
Time taken to solve the MIP model : 0.0096 seconds
---------------------------------
