Can't find feasible solution

Number of initial container : 15
Number of new container : 10
Total number of containers : 25
Level_num : 9
Container_level : [6, 6, 6, 1, 9, 8, 3, 8, 8, 7, 6, 8, 1, 2, 1, 1, 4, 1, 7, 1, 8, 2, 7, 5, 4]
ideal_configuration : 
 [[4. 6. 8. 9. 0. 0.]
 [2. 5. 7. 8. 0. 0.]
 [1. 2. 6. 7. 8. 0.]
 [1. 1. 3. 6. 7. 8.]
 [1. 1. 1. 4. 6. 8.]]
Centroid : {6: (3.5, 1.75), 1: (1.6666666666666667, 0.6666666666666666), 9: (4.0, 4.0), 8: (4.8, 2.0), 3: (3.0, 1.0), 7: (4.0, 2.0), 2: (1.5, 2.5), 4: (2.5, 2.0), 5: (2.0, 3.0)}
Repeat number : 10
Original weight : [17.99, 17.96, 19.18, 6.38, 23.74, 21.62, 11.66, 23.65, 21.61, 19.53, 18.27, 23.5, 7.38, 8.66, 8.0, 6.31, 14.27, 7.86, 20.55, 7.79, 23.59, 8.98, 20.43, 16.4, 13.9]
Sequence : [0, 0, 0, 0, 0, 0, 0, 0, 0, 0, 0, 0, 0, 0, 0, 1, 2, 3, 4, 5, 6, 7, 8, 9, 10]
Emergency : [0, 0, 0, 0, 0, 0, 0, 0, 0, 0, 0, 0, 0, 0, 0, 0, 0, 0, 0, 0, 0, 0, 0, 0, 0]
Time taken to solve the MIP model : 0.0086 seconds
---------------------------------
