Can't find feasible solution

Number of initial container : 15
Number of new container : 10
Total number of containers : 25
Level_num : 9
Container_level : [1, 8, 7, 3, 7, 4, 1, 7, 2, 2, 7, 6, 2, 1, 6, 5, 6, 4, 7, 1, 4, 3, 6, 9, 6]
ideal_configuration : 
 [[4. 6. 7. 9. 0. 0.]
 [2. 4. 6. 7. 0. 0.]
 [1. 3. 5. 6. 7. 0.]
 [1. 2. 3. 6. 7. 8.]
 [1. 1. 2. 4. 6. 7.]]
Centroid : {1: (1.25, 0.75), 8: (6.0, 1.0), 7: (4.6, 2.0), 3: (2.5, 1.5), 4: (2.3333333333333335, 2.3333333333333335), 2: (2.0, 1.3333333333333333), 6: (3.6, 2.0), 5: (3.0, 2.0), 9: (4.0, 4.0)}
Repeat number : 17
Original weight : [5.14, 23.22, 20.91, 12.06, 19.91, 13.05, 5.77, 19.93, 8.03, 8.56, 19.77, 18.87, 8.65, 5.07, 18.37, 16.13, 18.6, 12.41, 19.38, 5.7, 14.23, 12.13, 17.46, 23.98, 17.23]
Sequence : [0, 0, 0, 0, 0, 0, 0, 0, 0, 0, 0, 0, 0, 0, 0, 1, 2, 3, 4, 5, 6, 7, 8, 9, 10]
Emergency : [0, 0, 0, 0, 0, 0, 0, 0, 0, 0, 0, 0, 0, 0, 0, 0, 0, 0, 0, 0, 0, 0, 0, 0, 0]
Time taken to solve the MIP model : 0.0078 seconds
---------------------------------
