Can't find feasible solution

Number of initial container : 15
Number of new container : 10
Total number of containers : 25
Level_num : 9
Container_level : [7, 4, 6, 5, 3, 1, 7, 5, 4, 6, 4, 9, 4, 3, 1, 3, 5, 4, 8, 4, 7, 8, 6, 2, 4]
ideal_configuration : 
 [[4. 5. 7. 9. 0. 0.]
 [4. 4. 6. 7. 0. 0.]
 [3. 4. 4. 6. 8. 0.]
 [1. 3. 4. 5. 6. 8.]
 [1. 2. 3. 4. 5. 7.]]
Centroid : {7: (4.333333333333333, 2.3333333333333335), 4: (2.2857142857142856, 2.142857142857143), 6: (4.0, 2.0), 5: (3.6666666666666665, 1.6666666666666667), 3: (2.0, 1.0), 1: (1.0, 0.5), 9: (4.0, 4.0), 8: (5.5, 1.5), 2: (2.0, 0.0)}
Repeat number : 23
Original weight : [20.15, 13.27, 17.98, 16.37, 11.82, 5.13, 20.23, 15.97, 12.62, 17.79, 12.31, 23.24, 12.01, 11.31, 6.02, 11.04, 15.02, 13.93, 22.46, 12.5, 19.31, 22.36, 17.77, 7.57, 13.29]
Sequence : [0, 0, 0, 0, 0, 0, 0, 0, 0, 0, 0, 0, 0, 0, 0, 1, 2, 3, 4, 5, 6, 7, 8, 9, 10]
Emergency : [0, 0, 0, 0, 0, 0, 0, 0, 0, 0, 0, 0, 0, 0, 0, 0, 0, 0, 0, 0, 0, 0, 0, 0, 0]
Time taken to solve the MIP model : 0.0090 seconds
---------------------------------
