Can't find feasible solution

Number of initial container : 15
Number of new container : 10
Total number of containers : 25
Level_num : 9
Container_level : [4, 4, 3, 4, 8, 1, 1, 5, 1, 8, 2, 1, 2, 5, 2, 2, 6, 7, 3, 5, 2, 3, 5, 5, 1]
ideal_configuration : 
 [[3. 4. 5. 8. 0. 0.]
 [2. 3. 5. 6. 0. 0.]
 [1. 2. 3. 5. 7. 0.]
 [1. 1. 2. 4. 5. 8.]
 [1. 1. 2. 2. 4. 5.]]
Centroid : {4: (3.6666666666666665, 1.6666666666666667), 3: (2.0, 3.0), 8: (5.0, 2.5), 1: (1.4, 0.8), 5: (4.2, 2.0), 2: (2.6, 1.2), 6: (4.0, 3.0), 7: (5.0, 2.0)}
Repeat number : 18
Original weight : [14.68, 13.82, 11.04, 13.92, 23.56, 6.94, 6.67, 15.53, 7.68, 23.5, 10.77, 6.79, 9.74, 16.29, 10.8, 9.08, 18.01, 21.28, 11.2, 15.68, 8.98, 11.98, 15.16, 15.49, 8.21]
Sequence : [0, 0, 0, 0, 0, 0, 0, 0, 0, 0, 0, 0, 0, 0, 0, 1, 2, 3, 4, 5, 6, 7, 8, 9, 10]
Emergency : [0, 0, 0, 0, 0, 0, 0, 0, 0, 0, 0, 0, 0, 0, 0, 0, 0, 0, 0, 0, 0, 0, 0, 0, 0]
Time taken to solve the MIP model : 0.0081 seconds
---------------------------------
