Can't find feasible solution

Number of initial container : 15
Number of new container : 10
Total number of containers : 25
Level_num : 9
Container_level : [4, 5, 3, 5, 2, 5, 6, 8, 2, 8, 7, 1, 9, 3, 1, 2, 8, 2, 6, 4, 4, 7, 6, 5, 1]
ideal_configuration : 
 [[4. 5. 7. 9. 0. 0.]
 [2. 4. 6. 8. 0. 0.]
 [2. 3. 5. 6. 8. 0.]
 [1. 2. 3. 5. 6. 8.]
 [1. 1. 2. 4. 5. 7.]]
Centroid : {4: (2.3333333333333335, 2.3333333333333335), 5: (3.5, 1.75), 3: (2.5, 1.5), 2: (1.75, 1.5), 6: (4.0, 2.0), 8: (5.0, 2.0), 7: (4.5, 2.0), 1: (1.3333333333333333, 0.3333333333333333), 9: (4.0, 4.0)}
Repeat number : 25
Original weight : [13.97, 15.74, 10.07, 16.39, 7.93, 16.09, 18.27, 21.92, 9.2, 21.9, 19.76, 6.9, 23.24, 12.06, 6.7, 8.3, 22.67, 9.34, 18.36, 13.38, 13.88, 20.04, 17.82, 16.34, 5.5]
Sequence : [0, 0, 0, 0, 0, 0, 0, 0, 0, 0, 0, 0, 0, 0, 0, 1, 2, 3, 4, 5, 6, 7, 8, 9, 10]
Emergency : [0, 0, 0, 0, 0, 0, 0, 0, 0, 0, 0, 0, 0, 0, 0, 0, 0, 0, 0, 0, 0, 0, 0, 0, 0]
Time taken to solve the MIP model : 0.0107 seconds
---------------------------------
