Can't find feasible solution

Number of initial container : 15
Number of new container : 10
Total number of containers : 25
Level_num : 9
Container_level : [8, 4, 1, 5, 7, 7, 2, 4, 4, 5, 9, 6, 7, 2, 6, 6, 5, 2, 6, 3, 3, 3, 6, 8, 1]
ideal_configuration : 
 [[4. 6. 7. 9. 0. 0.]
 [3. 5. 6. 7. 0. 0.]
 [2. 3. 5. 6. 8. 0.]
 [1. 2. 4. 5. 6. 8.]
 [1. 2. 3. 4. 6. 7.]]
Centroid : {8: (5.5, 1.5), 4: (2.6666666666666665, 1.6666666666666667), 1: (1.0, 0.5), 5: (3.0, 2.0), 7: (4.333333333333333, 2.3333333333333335), 2: (1.6666666666666667, 1.0), 9: (4.0, 4.0), 6: (3.8, 2.0), 3: (2.0, 1.6666666666666667)}
Repeat number : 15
Original weight : [22.34, 14.81, 7.94, 16.15, 20.81, 20.24, 11.02, 13.58, 13.3, 15.55, 23.25, 17.21, 21.19, 9.18, 18.79, 18.48, 16.45, 9.94, 17.84, 11.24, 12.79, 12.43, 18.42, 23.1, 7.05]
Sequence : [0, 0, 0, 0, 0, 0, 0, 0, 0, 0, 0, 0, 0, 0, 0, 1, 2, 3, 4, 5, 6, 7, 8, 9, 10]
Emergency : [0, 0, 0, 0, 0, 0, 0, 0, 0, 0, 0, 0, 0, 0, 0, 0, 0, 0, 0, 0, 0, 0, 0, 0, 0]
Time taken to solve the MIP model : 0.0161 seconds
---------------------------------
