Can't find feasible solution

Number of initial container : 15
Number of new container : 10
Total number of containers : 25
Level_num : 9
Container_level : [9, 1, 1, 7, 4, 7, 6, 1, 8, 7, 7, 6, 8, 2, 2, 2, 3, 6, 2, 2, 4, 3, 5, 5, 6]
ideal_configuration : 
 [[4. 6. 7. 9. 0. 0.]
 [2. 4. 6. 7. 0. 0.]
 [2. 2. 5. 6. 8. 0.]
 [1. 2. 3. 5. 7. 8.]
 [1. 1. 2. 3. 6. 7.]]
Centroid : {9: (4.0, 4.0), 1: (1.3333333333333333, 0.3333333333333333), 7: (4.5, 2.0), 4: (1.5, 3.5), 6: (3.5, 2.25), 8: (5.5, 1.5), 2: (1.8, 1.6), 3: (3.5, 0.5), 5: (3.5, 1.5)}
Repeat number : 28
Original weight : [23.86, 5.39, 6.25, 21.22, 13.18, 20.18, 19.18, 7.45, 23.13, 19.42, 20.88, 17.15, 22.68, 8.01, 8.59, 9.43, 10.03, 18.85, 8.94, 9.14, 12.68, 11.01, 16.1, 15.01, 19.21]
Sequence : [0, 0, 0, 0, 0, 0, 0, 0, 0, 0, 0, 0, 0, 0, 0, 1, 2, 3, 4, 5, 6, 7, 8, 9, 10]
Emergency : [0, 0, 0, 0, 0, 0, 0, 0, 0, 0, 0, 0, 0, 0, 0, 0, 0, 0, 0, 0, 0, 0, 0, 0, 0]
Time taken to solve the MIP model : 0.0103 seconds
---------------------------------
