Can't find feasible solution

Number of initial container : 15
Number of new container : 10
Total number of containers : 25
Level_num : 9
Container_level : [2, 3, 6, 3, 8, 1, 4, 2, 7, 2, 8, 9, 8, 7, 6, 4, 2, 4, 2, 2, 1, 2, 8, 2, 8]
ideal_configuration : 
 [[3. 6. 8. 9. 0. 0.]
 [2. 3. 6. 8. 0. 0.]
 [2. 2. 4. 7. 8. 0.]
 [1. 2. 2. 4. 7. 8.]
 [1. 2. 2. 2. 4. 8.]]
Centroid : {2: (2.25, 1.125), 3: (1.5, 3.5), 6: (2.5, 3.5), 8: (4.8, 2.0), 1: (1.0, 0.5), 4: (4.0, 1.0), 7: (4.5, 1.5), 9: (4.0, 4.0)}
Repeat number : 12
Original weight : [8.49, 10.29, 17.39, 10.45, 23.68, 6.64, 13.22, 9.45, 21.09, 8.32, 22.16, 23.69, 22.99, 19.99, 17.69, 14.55, 8.73, 13.25, 8.44, 8.77, 5.79, 9.52, 21.83, 9.53, 22.33]
Sequence : [0, 0, 0, 0, 0, 0, 0, 0, 0, 0, 0, 0, 0, 0, 0, 1, 2, 3, 4, 5, 6, 7, 8, 9, 10]
Emergency : [0, 0, 0, 0, 0, 0, 0, 0, 0, 0, 0, 0, 0, 0, 0, 0, 0, 0, 0, 0, 0, 0, 0, 0, 0]
Time taken to solve the MIP model : 0.0000 seconds
---------------------------------
