Can't find feasible solution

Number of initial container : 15
Number of new container : 10
Total number of containers : 25
Level_num : 9
Container_level : [5, 8, 6, 5, 4, 7, 3, 3, 7, 5, 7, 9, 1, 5, 1, 8, 7, 8, 1, 2, 2, 5, 2, 2, 1]
ideal_configuration : 
 [[4. 5. 7. 9. 0. 0.]
 [2. 5. 6. 8. 0. 0.]
 [1. 2. 5. 7. 8. 0.]
 [1. 2. 3. 5. 7. 8.]
 [1. 1. 2. 3. 5. 7.]]
Centroid : {5: (3.2, 2.0), 8: (5.0, 2.0), 6: (3.0, 3.0), 4: (1.0, 4.0), 7: (4.5, 1.75), 3: (3.5, 0.5), 9: (4.0, 4.0), 1: (1.25, 0.75), 2: (2.0, 1.5)}
Repeat number : 13
Original weight : [16.06, 21.61, 17.43, 17.07, 13.72, 21.1, 11.14, 12.69, 21.13, 15.31, 20.51, 23.68, 7.6, 16.8, 8.16, 21.9, 21.2, 21.83, 6.23, 10.3, 10.37, 15.87, 10.14, 8.63, 7.96]
Sequence : [0, 0, 0, 0, 0, 0, 0, 0, 0, 0, 0, 0, 0, 0, 0, 1, 2, 3, 4, 5, 6, 7, 8, 9, 10]
Emergency : [0, 0, 0, 0, 0, 0, 0, 0, 0, 0, 0, 0, 0, 0, 0, 0, 0, 0, 0, 0, 0, 0, 0, 0, 0]
Time taken to solve the MIP model : 0.0056 seconds
---------------------------------
