Can't find feasible solution

Number of initial container : 15
Number of new container : 10
Total number of containers : 25
Level_num : 9
Container_level : [4, 9, 3, 8, 2, 8, 1, 8, 1, 1, 4, 8, 7, 8, 1, 4, 2, 3, 1, 7, 7, 6, 4, 5, 5]
ideal_configuration : 
 [[4. 6. 8. 9. 0. 0.]
 [2. 4. 7. 8. 0. 0.]
 [1. 3. 4. 7. 8. 0.]
 [1. 1. 3. 5. 7. 8.]
 [1. 1. 2. 4. 5. 8.]]
Centroid : {4: (2.5, 2.25), 9: (4.0, 4.0), 3: (2.5, 1.5), 8: (4.8, 2.0), 2: (2.0, 1.5), 1: (1.4, 0.8), 7: (4.0, 2.0), 6: (2.0, 4.0), 5: (4.5, 0.5)}
Repeat number : 3
Original weight : [14.08, 23.3, 11.22, 22.39, 7.93, 21.6, 5.05, 22.48, 6.03, 5.98, 12.1, 22.34, 19.41, 23.14, 6.1, 12.11, 9.49, 10.46, 6.08, 19.46, 20.37, 18.14, 13.67, 16.34, 16.28]
Sequence : [0, 0, 0, 0, 0, 0, 0, 0, 0, 0, 0, 0, 0, 0, 0, 1, 2, 3, 4, 5, 6, 7, 8, 9, 10]
Emergency : [0, 0, 0, 0, 0, 0, 0, 0, 0, 0, 0, 0, 0, 0, 0, 0, 0, 0, 0, 0, 0, 0, 0, 0, 0]
Time taken to solve the MIP model : 0.0088 seconds
---------------------------------
