Can't find feasible solution

Number of initial container : 15
Number of new container : 10
Total number of containers : 25
Level_num : 9
Container_level : [3, 8, 8, 8, 7, 5, 1, 7, 6, 5, 6, 1, 7, 2, 8, 2, 4, 4, 1, 4, 2, 6, 7, 9, 1]
ideal_configuration : 
 [[4. 6. 8. 9. 0. 0.]
 [2. 5. 7. 8. 0. 0.]
 [1. 3. 5. 7. 8. 0.]
 [1. 2. 4. 6. 7. 8.]
 [1. 1. 2. 4. 6. 7.]]
Centroid : {3: (2.0, 2.0), 8: (4.5, 2.5), 7: (4.5, 1.5), 5: (2.5, 2.5), 1: (1.25, 0.75), 6: (3.6666666666666665, 1.6666666666666667), 2: (2.0, 1.3333333333333333), 4: (2.6666666666666665, 1.6666666666666667), 9: (4.0, 4.0)}
Repeat number : 1
Original weight : [12.43, 23.54, 22.5, 22.77, 20.96, 16.45, 6.9, 21.09, 17.68, 15.58, 17.56, 7.53, 20.21, 9.85, 22.34, 10.13, 14.53, 13.41, 7.36, 13.38, 10.64, 19.2, 19.92, 23.56, 8.07]
Sequence : [0, 0, 0, 0, 0, 0, 0, 0, 0, 0, 0, 0, 0, 0, 0, 1, 2, 3, 4, 5, 6, 7, 8, 9, 10]
Emergency : [0, 0, 0, 0, 0, 0, 0, 0, 0, 0, 0, 0, 0, 0, 0, 0, 0, 0, 0, 0, 0, 0, 0, 0, 0]
Time taken to solve the MIP model : 0.0156 seconds
---------------------------------
