Can't find feasible solution

Number of initial container : 15
Number of new container : 10
Total number of containers : 25
Level_num : 9
Container_level : [3, 2, 1, 3, 4, 5, 4, 1, 7, 6, 9, 6, 6, 3, 8, 5, 7, 7, 4, 6, 4, 3, 8, 6, 1]
ideal_configuration : 
 [[4. 6. 7. 9. 0. 0.]
 [3. 4. 6. 7. 0. 0.]
 [2. 3. 5. 6. 8. 0.]
 [1. 3. 4. 5. 6. 8.]
 [1. 1. 3. 4. 6. 7.]]
Centroid : {3: (2.0, 1.5), 2: (1.0, 2.0), 1: (1.3333333333333333, 0.3333333333333333), 4: (2.5, 2.0), 5: (3.5, 1.5), 7: (4.333333333333333, 2.3333333333333335), 6: (3.8, 2.0), 9: (4.0, 4.0), 8: (5.5, 1.5)}
Repeat number : 16
Original weight : [9.67, 8.24, 5.13, 11.41, 12.68, 14.12, 11.92, 5.92, 17.85, 16.86, 22.07, 17.24, 17.33, 9.82, 21.06, 14.43, 18.26, 19.82, 13.52, 17.29, 11.56, 10.13, 21.05, 16.18, 5.24]
Sequence : [0, 0, 0, 0, 0, 0, 0, 0, 0, 0, 0, 0, 0, 0, 0, 1, 2, 3, 4, 5, 6, 7, 8, 9, 10]
Emergency : [0, 0, 0, 0, 0, 0, 0, 0, 0, 0, 0, 0, 0, 0, 0, 0, 0, 0, 0, 0, 0, 0, 0, 0, 0]
Time taken to solve the MIP model : 0.0031 seconds
---------------------------------
