Can't find feasible solution

Number of initial container : 15
Number of new container : 10
Total number of containers : 25
Level_num : 9
Container_level : [6, 9, 3, 3, 1, 4, 6, 7, 2, 8, 5, 7, 5, 5, 8, 7, 5, 3, 1, 5, 4, 5, 2, 8, 1]
ideal_configuration : 
 [[5. 5. 7. 9. 0. 0.]
 [3. 5. 6. 8. 0. 0.]
 [2. 3. 5. 6. 8. 0.]
 [1. 2. 4. 5. 7. 8.]
 [1. 1. 3. 4. 5. 7.]]
Centroid : {6: (3.5, 2.5), 9: (4.0, 4.0), 3: (2.0, 1.6666666666666667), 1: (1.3333333333333333, 0.3333333333333333), 4: (3.5, 0.5), 7: (4.666666666666667, 1.6666666666666667), 2: (1.5, 1.5), 8: (5.0, 2.0), 5: (2.8333333333333335, 2.3333333333333335)}
Repeat number : 22
Original weight : [18.05, 24.0, 11.21, 12.26, 5.98, 13.36, 17.98, 20.97, 9.04, 22.91, 15.28, 21.17, 16.23, 15.01, 22.56, 19.67, 16.68, 11.26, 5.7, 14.92, 13.88, 15.91, 10.19, 22.74, 6.26]
Sequence : [0, 0, 0, 0, 0, 0, 0, 0, 0, 0, 0, 0, 0, 0, 0, 1, 2, 3, 4, 5, 6, 7, 8, 9, 10]
Emergency : [0, 0, 0, 0, 0, 0, 0, 0, 0, 0, 0, 0, 0, 0, 0, 0, 0, 0, 0, 0, 0, 0, 0, 0, 0]
Time taken to solve the MIP model : 0.0071 seconds
---------------------------------
