Can't find feasible solution

Number of initial container : 15
Number of new container : 10
Total number of containers : 25
Level_num : 9
Container_level : [1, 6, 3, 1, 6, 6, 8, 1, 1, 1, 4, 1, 7, 2, 8, 3, 8, 7, 6, 2, 2, 8, 9, 1, 7]
ideal_configuration : 
 [[3. 6. 8. 9. 0. 0.]
 [1. 3. 6. 8. 0. 0.]
 [1. 2. 4. 7. 8. 0.]
 [1. 1. 2. 6. 7. 8.]
 [1. 1. 1. 2. 6. 7.]]
Centroid : {1: (1.5714285714285714, 1.0), 6: (3.5, 2.0), 3: (1.5, 3.5), 8: (4.5, 2.5), 4: (3.0, 2.0), 7: (5.0, 1.0), 2: (3.0, 1.0), 9: (4.0, 4.0)}
Repeat number : 21
Original weight : [5.71, 18.31, 12.03, 6.66, 17.72, 18.01, 22.62, 7.41, 7.14, 5.11, 13.98, 5.85, 21.09, 8.03, 22.77, 10.24, 21.65, 20.11, 17.37, 7.75, 9.57, 22.94, 23.68, 7.39, 19.4]
Sequence : [0, 0, 0, 0, 0, 0, 0, 0, 0, 0, 0, 0, 0, 0, 0, 1, 2, 3, 4, 5, 6, 7, 8, 9, 10]
Emergency : [0, 0, 0, 0, 0, 0, 0, 0, 0, 0, 0, 0, 0, 0, 0, 0, 0, 0, 0, 0, 0, 0, 0, 0, 0]
Time taken to solve the MIP model : 0.0105 seconds
---------------------------------
