Can't find feasible solution

Number of initial container : 15
Number of new container : 10
Total number of containers : 25
Level_num : 9
Container_level : [4, 8, 1, 8, 3, 2, 6, 3, 5, 5, 1, 7, 2, 8, 3, 1, 4, 3, 6, 6, 1, 6, 1, 8, 1]
ideal_configuration : 
 [[3. 5. 7. 8. 0. 0.]
 [2. 3. 6. 8. 0. 0.]
 [1. 2. 4. 6. 8. 0.]
 [1. 1. 3. 4. 6. 8.]
 [1. 1. 1. 3. 5. 6.]]
Centroid : {4: (3.5, 1.5), 8: (4.75, 2.5), 1: (1.6666666666666667, 0.6666666666666666), 3: (2.5, 2.0), 2: (1.5, 2.5), 6: (4.5, 1.5), 5: (3.5, 2.0), 7: (3.0, 4.0)}
Repeat number : 11
Original weight : [14.39, 21.66, 6.31, 23.34, 10.61, 8.53, 16.84, 12.31, 15.89, 16.65, 7.75, 20.32, 10.24, 22.42, 12.17, 6.19, 12.91, 12.4, 16.95, 19.0, 5.99, 18.54, 6.9, 23.19, 6.61]
Sequence : [0, 0, 0, 0, 0, 0, 0, 0, 0, 0, 0, 0, 0, 0, 0, 1, 2, 3, 4, 5, 6, 7, 8, 9, 10]
Emergency : [0, 0, 0, 0, 0, 0, 0, 0, 0, 0, 0, 0, 0, 0, 0, 0, 0, 0, 0, 0, 0, 0, 0, 0, 0]
Time taken to solve the MIP model : 0.0086 seconds
---------------------------------
