Can't find feasible solution

Number of initial container : 15
Number of new container : 10
Total number of containers : 25
Level_num : 9
Container_level : [7, 8, 4, 5, 2, 1, 4, 3, 7, 5, 7, 7, 6, 1, 8, 4, 3, 4, 8, 7, 8, 8, 8, 7, 9]
ideal_configuration : 
 [[5. 7. 8. 9. 0. 0.]
 [4. 6. 7. 8. 0. 0.]
 [3. 4. 7. 7. 8. 0.]
 [1. 3. 4. 7. 8. 8.]
 [1. 2. 4. 5. 7. 8.]]
Centroid : {7: (3.5, 2.0), 8: (4.833333333333333, 1.8333333333333333), 4: (2.25, 1.5), 5: (2.5, 2.0), 2: (2.0, 0.0), 1: (1.0, 0.5), 3: (1.5, 1.5), 6: (2.0, 3.0), 9: (4.0, 4.0)}
Repeat number : 30
Original weight : [18.7, 21.47, 12.84, 15.25, 8.32, 5.67, 13.4, 10.72, 19.09, 14.89, 18.0, 18.2, 16.13, 7.15, 21.25, 11.79, 9.85, 11.66, 20.71, 18.5, 20.66, 19.72, 21.44, 18.94, 21.59]
Sequence : [0, 0, 0, 0, 0, 0, 0, 0, 0, 0, 0, 0, 0, 0, 0, 1, 2, 3, 4, 5, 6, 7, 8, 9, 10]
Emergency : [0, 0, 0, 0, 0, 0, 0, 0, 0, 0, 0, 0, 0, 0, 0, 0, 0, 0, 0, 0, 0, 0, 0, 0, 0]
Time taken to solve the MIP model : 0.0083 seconds
---------------------------------
