Can't find feasible solution

Number of initial container : 3
Number of new container : 20
Total number of containers : 23
Level_num : 9
Container_level : [3, 6, 1, 3, 6, 6, 8, 1, 3, 3, 6, 1, 8, 3, 8, 6, 5, 1, 8, 3, 9, 1, 8]
ideal_configuration : 
 [[3. 6. 8. 0. 0. 0.]
 [3. 5. 6. 8. 0. 0.]
 [1. 3. 6. 8. 9. 0.]
 [1. 1. 3. 6. 8. 0.]
 [1. 1. 3. 3. 6. 8.]]
Centroid : {3: (1.3333333333333333, 1.6666666666666667), 6: (2.4, 2.0), 1: (0.4, 0.8), 8: (3.4, 2.0), 5: (1.0, 3.0), 9: (4.0, 2.0)}
Repeat number : 19
Original weight : [23.68, 17.97, 22.35, 7.31, 16.6, 13.21, 22.01, 18.71, 23.99, 19.9, 21.14, 14.46, 10.17, 22.97, 19.31, 20.57, 5.05, 9.87, 11.13, 13.75, 23.79, 7.19, 22.2]
Group : [1, 2, 0, 1, 2, 2, 3, 0, 1, 1, 2, 0, 3, 1, 3, 2, 2, 0, 3, 1, 3, 0, 3]
Sequence : [0, 0, 0, 1, 2, 3, 4, 5, 6, 7, 8, 9, 10, 11, 12, 13, 14, 15, 16, 17, 18, 19, 20]
Scroe : [123.68, 217.97, 22.35, 107.31, 216.6, 213.21, 322.01, 18.71, 123.99, 119.9, 221.14, 14.46, 310.17, 122.97, 319.31, 220.57, 205.05, 9.87, 311.13, 113.75, 323.79, 7.19, 322.2]
Time taken to solve the MIP model : 0.0156 seconds
---------------------------------
