Can't find feasible solution

Number of initial container : 3
Number of new container : 20
Total number of containers : 23
Level_num : 9
Container_level : [1, 3, 1, 3, 9, 6, 8, 3, 8, 3, 3, 1, 1, 3, 1, 3, 6, 6, 8, 6, 1, 1, 6]
ideal_configuration : 
 [[3. 6. 8. 0. 0. 0.]
 [1. 3. 6. 8. 0. 0.]
 [1. 3. 3. 6. 9. 0.]
 [1. 1. 3. 3. 6. 0.]
 [1. 1. 1. 3. 6. 8.]]
Centroid : {1: (0.5714285714285714, 1.0), 3: (1.7142857142857142, 1.8571428571428572), 9: (4.0, 2.0), 6: (2.8, 2.0), 8: (3.3333333333333335, 2.3333333333333335)}
Repeat number : 8
Original weight : [14.17, 23.78, 23.35, 5.07, 22.63, 14.42, 5.2, 21.0, 13.3, 18.9, 6.05, 13.83, 13.33, 13.39, 19.33, 20.1, 9.87, 9.97, 22.24, 9.36, 15.87, 21.1, 22.82]
Group : [0, 1, 0, 1, 3, 2, 3, 1, 3, 1, 1, 0, 0, 1, 0, 1, 2, 2, 3, 2, 0, 0, 2]
Sequence : [0, 0, 0, 1, 2, 3, 4, 5, 6, 7, 8, 9, 10, 11, 12, 13, 14, 15, 16, 17, 18, 19, 20]
Scroe : [14.17, 123.78, 23.35, 105.07, 322.63, 214.42, 305.2, 121.0, 313.3, 118.9, 106.05, 13.83, 13.33, 113.39, 19.33, 120.1, 209.87, 209.97, 322.24, 209.36, 15.87, 21.1, 222.82]
Time taken to solve the MIP model : 0.0000 seconds
---------------------------------
