Can't find feasible solution

Number of initial container : 3
Number of new container : 17
Total number of containers : 20
Level_num : 9
Container_level : [9, 6, 1, 8, 6, 6, 3, 6, 3, 6, 3, 6, 6, 1, 1, 6, 8, 6, 6, 6]
ideal_configuration : 
 [[6. 6. 0. 0. 0. 0.]
 [6. 6. 6. 0. 0. 0.]
 [3. 6. 6. 8. 0. 0.]
 [1. 3. 6. 6. 8. 0.]
 [1. 1. 3. 6. 6. 9.]]
Centroid : {9: (5.0, 0.0), 6: (1.7272727272727273, 2.090909090909091), 1: (0.3333333333333333, 0.3333333333333333), 8: (3.5, 1.5), 3: (1.0, 1.0)}
Repeat number : 11
Original weight : [19.89, 6.93, 20.38, 8.32, 13.23, 12.91, 19.84, 8.47, 21.29, 20.36, 14.43, 20.06, 23.26, 12.61, 7.19, 23.0, 10.53, 14.03, 21.49, 17.97]
Group : [3, 2, 0, 3, 2, 2, 1, 2, 1, 2, 1, 2, 2, 0, 0, 2, 3, 2, 2, 2]
Sequence : [0, 0, 0, 1, 2, 3, 4, 5, 6, 7, 8, 9, 10, 11, 12, 13, 14, 15, 16, 17]
Scroe : [319.89, 206.93, 20.38, 308.32, 213.23, 212.91, 119.84, 208.47, 121.28999999999999, 220.36, 114.43, 220.06, 223.26, 12.61, 7.19, 223.0, 310.53, 214.03, 221.49, 217.97]
Time taken to solve the MIP model : 0.0029 seconds
---------------------------------
