Can't find feasible solution

Number of initial container : 3
Number of new container : 17
Total number of containers : 20
Level_num : 9
Container_level : [3, 1, 6, 1, 1, 6, 1, 3, 6, 9, 3, 8, 3, 6, 1, 3, 6, 6, 6, 6]
ideal_configuration : 
 [[6. 6. 0. 0. 0. 0.]
 [3. 6. 6. 0. 0. 0.]
 [1. 3. 6. 6. 0. 0.]
 [1. 1. 3. 6. 8. 0.]
 [1. 1. 3. 3. 6. 9.]]
Centroid : {3: (1.6, 1.2), 1: (0.4, 0.8), 6: (2.0, 2.375), 9: (5.0, 0.0), 8: (4.0, 1.0)}
Repeat number : 3
Original weight : [19.25, 14.47, 20.33, 16.2, 18.24, 6.69, 13.28, 22.35, 23.96, 19.28, 7.71, 13.16, 22.49, 18.5, 9.2, 6.33, 6.78, 13.1, 7.0, 21.37]
Group : [1, 0, 2, 0, 0, 2, 0, 1, 2, 3, 1, 3, 1, 2, 0, 1, 2, 2, 2, 2]
Sequence : [0, 0, 0, 1, 2, 3, 4, 5, 6, 7, 8, 9, 10, 11, 12, 13, 14, 15, 16, 17]
Scroe : [119.25, 14.47, 220.32999999999998, 16.2, 18.24, 206.69, 13.28, 122.35, 223.96, 319.28, 107.71, 313.16, 122.49, 218.5, 9.2, 106.33, 206.78, 213.1, 207.0, 221.37]
Time taken to solve the MIP model : 0.0000 seconds
---------------------------------
