Can't find feasible solution

Number of initial container : 15
Number of new container : 8
Total number of containers : 23
Level_num : 9
Container_level : [1, 8, 6, 8, 6, 6, 6, 6, 6, 1, 6, 1, 6, 8, 8, 1, 8, 6, 9, 1, 3, 6, 3]
ideal_configuration : 
 [[6. 6. 8. 0. 0. 0.]
 [3. 6. 6. 8. 0. 0.]
 [1. 6. 6. 8. 9. 0.]
 [1. 1. 6. 6. 8. 0.]
 [1. 1. 3. 6. 6. 8.]]
Centroid : {1: (0.4, 0.8), 8: (3.4, 2.0), 6: (1.9, 2.0), 9: (4.0, 2.0), 3: (1.0, 1.5)}
Repeat number : 23
Original weight : [7.25, 7.41, 11.98, 5.02, 22.05, 22.84, 8.46, 23.91, 11.73, 15.66, 5.55, 23.6, 23.35, 8.28, 11.01, 10.84, 5.07, 17.64, 14.64, 8.12, 19.07, 12.42, 16.1]
Group : [0, 3, 2, 3, 2, 2, 2, 2, 2, 0, 2, 0, 2, 3, 3, 0, 3, 2, 3, 0, 1, 2, 1]
Sequence : [0, 0, 0, 0, 0, 0, 0, 0, 0, 0, 0, 0, 0, 0, 0, 1, 2, 3, 4, 5, 6, 7, 8]
Scroe : [7.25, 307.41, 211.98, 305.02, 222.05, 222.84, 208.46, 223.91, 211.73, 15.66, 205.55, 23.6, 223.35, 308.28, 311.01, 10.84, 305.07, 217.64, 314.64, 8.12, 119.07, 212.42, 116.1]
Time taken to solve the MIP model : 0.0131 seconds
---------------------------------
