Can't find feasible solution

Number of initial container : 15
Number of new container : 8
Total number of containers : 23
Level_num : 9
Container_level : [3, 1, 8, 3, 8, 8, 3, 9, 8, 3, 6, 3, 1, 3, 6, 3, 1, 1, 3, 6, 6, 3, 3]
ideal_configuration : 
 [[3. 6. 8. 0. 0. 0.]
 [3. 3. 6. 8. 0. 0.]
 [1. 3. 3. 6. 9. 0.]
 [1. 3. 3. 3. 8. 0.]
 [1. 1. 3. 3. 6. 8.]]
Centroid : {3: (1.5, 1.7), 1: (0.25, 0.75), 8: (3.5, 2.0), 9: (4.0, 2.0), 6: (2.5, 2.25)}
Repeat number : 4
Original weight : [22.8, 6.96, 18.35, 23.2, 16.13, 12.29, 7.43, 19.3, 9.4, 11.56, 20.34, 22.59, 22.8, 21.9, 9.22, 22.33, 8.3, 19.73, 7.09, 12.08, 22.85, 9.35, 12.14]
Group : [1, 0, 3, 1, 3, 3, 1, 3, 3, 1, 2, 1, 0, 1, 2, 1, 0, 0, 1, 2, 2, 1, 1]
Sequence : [0, 0, 0, 0, 0, 0, 0, 0, 0, 0, 0, 0, 0, 0, 0, 1, 2, 3, 4, 5, 6, 7, 8]
Scroe : [122.8, 6.96, 318.35, 123.2, 316.13, 312.29, 107.43, 319.3, 309.4, 111.56, 220.34, 122.59, 22.8, 121.9, 209.22, 122.33, 8.3, 19.73, 107.09, 212.08, 222.85, 109.35, 112.14]
Time taken to solve the MIP model : 0.0000 seconds
---------------------------------
