Can't find feasible solution

Number of initial container : 15
Number of new container : 8
Total number of containers : 23
Level_num : 9
Container_level : [8, 6, 9, 6, 3, 3, 6, 3, 1, 1, 6, 3, 3, 1, 3, 8, 8, 3, 8, 1, 3, 6, 8]
ideal_configuration : 
 [[3. 6. 8. 0. 0. 0.]
 [3. 3. 6. 8. 0. 0.]
 [1. 3. 6. 8. 9. 0.]
 [1. 3. 3. 6. 8. 0.]
 [1. 1. 3. 3. 6. 8.]]
Centroid : {8: (3.4, 2.0), 6: (2.4, 2.0), 9: (4.0, 2.0), 3: (1.25, 1.75), 1: (0.25, 0.75)}
Repeat number : 25
Original weight : [14.28, 19.35, 21.42, 23.33, 14.52, 6.0, 21.05, 17.99, 23.6, 5.27, 18.45, 6.05, 9.31, 18.48, 23.55, 14.11, 18.75, 18.15, 5.2, 8.58, 13.9, 12.03, 16.29]
Group : [3, 2, 3, 2, 1, 1, 2, 1, 0, 0, 2, 1, 1, 0, 1, 3, 3, 1, 3, 0, 1, 2, 3]
Sequence : [0, 0, 0, 0, 0, 0, 0, 0, 0, 0, 0, 0, 0, 0, 0, 1, 2, 3, 4, 5, 6, 7, 8]
Scroe : [314.28, 219.35, 321.42, 223.32999999999998, 114.52, 106.0, 221.05, 117.99, 23.6, 5.27, 218.45, 106.05, 109.31, 18.48, 123.55, 314.11, 318.75, 118.15, 305.2, 8.58, 113.9, 212.03, 316.29]
Time taken to solve the MIP model : 0.0000 seconds
---------------------------------
