Can't find feasible solution

Number of initial container : 15
Number of new container : 8
Total number of containers : 23
Level_num : 9
Container_level : [8, 3, 8, 6, 1, 3, 1, 6, 3, 8, 3, 3, 6, 3, 8, 3, 6, 9, 6, 8, 8, 6, 1]
ideal_configuration : 
 [[6. 6. 8. 0. 0. 0.]
 [3. 6. 8. 8. 0. 0.]
 [3. 3. 6. 8. 9. 0.]
 [1. 3. 3. 6. 8. 0.]
 [1. 1. 3. 3. 6. 8.]]
Centroid : {8: (3.1666666666666665, 2.1666666666666665), 3: (1.2857142857142858, 1.2857142857142858), 6: (1.8333333333333333, 2.3333333333333335), 1: (0.3333333333333333, 0.3333333333333333), 9: (4.0, 2.0)}
Repeat number : 27
Original weight : [18.33, 16.16, 10.7, 22.08, 12.98, 7.62, 12.3, 18.53, 10.11, 22.99, 15.26, 11.11, 23.12, 20.05, 20.33, 22.1, 21.93, 23.04, 22.2, 10.11, 9.87, 23.42, 5.74]
Group : [3, 1, 3, 2, 0, 1, 0, 2, 1, 3, 1, 1, 2, 1, 3, 1, 2, 3, 2, 3, 3, 2, 0]
Sequence : [0, 0, 0, 0, 0, 0, 0, 0, 0, 0, 0, 0, 0, 0, 0, 1, 2, 3, 4, 5, 6, 7, 8]
Scroe : [318.33, 116.16, 310.7, 222.07999999999998, 12.98, 107.62, 12.3, 218.53, 110.11, 322.99, 115.26, 111.11, 223.12, 120.05, 320.33, 122.1, 221.93, 323.04, 222.2, 310.11, 309.87, 223.42000000000002, 5.74]
Time taken to solve the MIP model : 0.0050 seconds
---------------------------------
