Can't find feasible solution

Number of initial container : 15
Number of new container : 8
Total number of containers : 23
Level_num : 9
Container_level : [6, 8, 8, 6, 6, 1, 1, 1, 8, 9, 1, 1, 3, 6, 1, 3, 6, 1, 6, 8, 1, 1, 1]
ideal_configuration : 
 [[3. 6. 8. 0. 0. 0.]
 [1. 3. 6. 8. 0. 0.]
 [1. 1. 6. 6. 9. 0.]
 [1. 1. 1. 6. 8. 0.]
 [1. 1. 1. 1. 6. 8.]]
Centroid : {6: (2.5, 2.0), 8: (3.5, 2.0), 1: (1.0, 1.0), 9: (4.0, 2.0), 3: (0.5, 3.5)}
Repeat number : 10
Original weight : [18.94, 13.97, 14.21, 18.85, 10.5, 21.25, 10.19, 9.25, 5.25, 23.75, 16.36, 13.95, 13.76, 20.78, 11.87, 6.49, 10.89, 9.17, 11.96, 6.26, 6.03, 7.45, 14.92]
Group : [2, 3, 3, 2, 2, 0, 0, 0, 3, 3, 0, 0, 1, 2, 0, 1, 2, 0, 2, 3, 0, 0, 0]
Sequence : [0, 0, 0, 0, 0, 0, 0, 0, 0, 0, 0, 0, 0, 0, 0, 1, 2, 3, 4, 5, 6, 7, 8]
Scroe : [218.94, 313.97, 314.21, 218.85, 210.5, 21.25, 10.19, 9.25, 305.25, 323.75, 16.36, 13.95, 113.76, 220.78, 11.87, 106.49, 210.89, 9.17, 211.96, 306.26, 6.03, 7.45, 14.92]
Time taken to solve the MIP model : 0.0000 seconds
---------------------------------
