Can't find feasible solution

Number of initial container : 15
Number of new container : 8
Total number of containers : 23
Level_num : 9
Container_level : [8, 1, 6, 8, 8, 1, 3, 1, 3, 9, 3, 1, 8, 1, 6, 6, 1, 3, 3, 6, 6, 3, 3]
ideal_configuration : 
 [[3. 6. 8. 0. 0. 0.]
 [3. 3. 6. 8. 0. 0.]
 [1. 3. 3. 6. 9. 0.]
 [1. 1. 3. 6. 8. 0.]
 [1. 1. 1. 3. 6. 8.]]
Centroid : {8: (3.5, 2.0), 1: (0.6666666666666666, 0.6666666666666666), 6: (2.6, 2.0), 3: (1.2857142857142858, 2.142857142857143), 9: (4.0, 2.0)}
Repeat number : 13
Original weight : [8.6, 12.06, 8.89, 8.34, 7.45, 10.98, 6.05, 6.59, 12.08, 17.07, 17.09, 16.64, 16.91, 6.8, 14.04, 14.16, 20.48, 12.91, 10.94, 5.87, 15.41, 15.69, 5.41]
Group : [3, 0, 2, 3, 3, 0, 1, 0, 1, 3, 1, 0, 3, 0, 2, 2, 0, 1, 1, 2, 2, 1, 1]
Sequence : [0, 0, 0, 0, 0, 0, 0, 0, 0, 0, 0, 0, 0, 0, 0, 1, 2, 3, 4, 5, 6, 7, 8]
Scroe : [308.6, 12.06, 208.89, 308.34, 307.45, 10.98, 106.05, 6.59, 112.08, 317.07, 117.09, 16.64, 316.91, 6.8, 214.04, 214.16, 20.48, 112.91, 110.94, 205.87, 215.41, 115.69, 105.41]
Time taken to solve the MIP model : 0.0158 seconds
---------------------------------
