Can't find feasible solution

Number of initial container : 15
Number of new container : 8
Total number of containers : 23
Level_num : 9
Container_level : [6, 1, 1, 8, 1, 6, 1, 8, 1, 6, 6, 1, 3, 3, 1, 9, 8, 1, 3, 8, 6, 3, 8]
ideal_configuration : 
 [[3. 6. 8. 0. 0. 0.]
 [1. 3. 6. 8. 0. 0.]
 [1. 1. 6. 8. 9. 0.]
 [1. 1. 3. 6. 8. 0.]
 [1. 1. 1. 3. 6. 8.]]
Centroid : {6: (2.4, 2.0), 1: (0.625, 1.125), 8: (3.4, 2.0), 3: (1.5, 2.0), 9: (4.0, 2.0)}
Repeat number : 26
Original weight : [8.49, 14.82, 20.75, 10.4, 13.89, 9.24, 18.24, 12.76, 18.51, 18.21, 9.94, 21.69, 5.42, 6.4, 23.38, 19.68, 16.28, 9.94, 7.75, 16.43, 19.71, 18.1, 10.18]
Group : [2, 0, 0, 3, 0, 2, 0, 3, 0, 2, 2, 0, 1, 1, 0, 3, 3, 0, 1, 3, 2, 1, 3]
Sequence : [0, 0, 0, 0, 0, 0, 0, 0, 0, 0, 0, 0, 0, 0, 0, 1, 2, 3, 4, 5, 6, 7, 8]
Scroe : [208.49, 14.82, 20.75, 310.4, 13.89, 209.24, 18.24, 312.76, 18.51, 218.21, 209.94, 21.69, 105.42, 106.4, 23.38, 319.68, 316.28, 9.94, 107.75, 316.43, 219.71, 118.1, 310.18]
Time taken to solve the MIP model : 0.0157 seconds
---------------------------------
